73
0.001979135198427546
0.00218106753015052
0.0024031048249914043
0.0026471447664204893
0.0029152450793835495
0.0032096019035643794
0.003532579607077194
0.0038867407608954257
0.004274777160673933
0.004699591359469425
0.005164191778473545
0.005671804371529991
0.006225721989572082
0.006829393202666611
0.007486286761062426
0.008199923877842972
0.008973717799579848
0.009810995278380925
0.010714805686964006
0.011687786166857884
0.012732065702385952
0.013849008037078014
0.01503897360646753
0.016301057854790066
0.01763279508949031
0.01902983826679347
0.02051041385982678
0.022225701686117524
0.024171569716064004
0.02627193410643167
0.028383556519604808
0.030270748454138453
0.031593683140462084
0.032000474235552884
0.03211638139498545
0.032212018145656295
0.03228677060690752
0.0323400709502989
0.032371397299758624
0.032373263200883316
0.031697746355940595
0.030150773992121828
0.028100104851937615
0.025876268304301973
0.02371794605030002
0.021768178502521836
0.020096666339996485
0.018650435998424426
0.01727129293978986
0.015959202747672666
0.014717624414326462
0.01354833643904188
0.012451758692582866
0.011427204955601188
0.010473095717318139
0.009587198597843937
0.008766790634997183
0.008008803971652878
0.00730992905189418
0.00666675023566495
0.00607583701288664
0.005533716948821295
0.005037029579381657
0.004582520784449727
0.004167047605111239
0.0037876146804195895
0.0034414053986931044
0.003125740979238008
0.0028381398434276367
0.0025762615448511146
0.0023379508663182117
0.0021211805428504172
0.001924108441942607
