2002-12-15 00:00:00	22	2
-0.0	0.368
-5.0	0.380
-10.0	0.388
-15.0	0.394
-20.0	0.395
-25.0	0.394
-30.0	0.427
-35.0	0.430
-40.0	0.435
-45.0	0.438
-50.0	0.444
-55.0	0.437
-60.0	0.441
-65.0	0.443
-70.0	0.299
-75.0	0.284
-80.0	0.287
-85.0	0.327
-90.0	0.673
-95.0	0.729
-100.0	0.776
-12000	0.776
2003-01-15 00:00:00	22	2
-0.0	0.522
-5.0	0.494
-10.0	0.320
-15.0	0.542
-20.0	0.453
-25.0	0.445
-30.0	0.433
-35.0	0.430
-40.0	0.424
-45.0	0.425
-50.0	0.423
-55.0	0.445
-60.0	0.477
-65.0	0.497
-70.0	0.364
-75.0	0.381
-80.0	0.330
-85.0	0.345
-90.0	0.380
-95.0	0.421
-100.0	0.458
-12000	0.458
2003-02-15 00:00:00	22	2
-0.0	0.441
-5.0	0.326
-10.0	0.299
-15.0	0.318
-20.0	0.301
-25.0	0.303
-30.0	0.304
-35.0	0.301
-40.0	0.297
-45.0	0.298
-50.0	0.289
-55.0	0.283
-60.0	0.273
-65.0	0.247
-70.0	0.219
-75.0	0.224
-80.0	0.277
-85.0	0.164
-90.0	0.280
-95.0	0.255
-100.0	0.271
-12000	0.271
2003-03-15 00:00:00	22	2
-0.0	0.469
-5.0	0.384
-10.0	0.345
-15.0	0.345
-20.0	0.321
-25.0	0.318
-30.0	0.329
-35.0	0.322
-40.0	0.310
-45.0	0.317
-50.0	0.297
-55.0	0.303
-60.0	0.339
-65.0	0.315
-70.0	0.296
-75.0	0.308
-80.0	0.265
-85.0	0.251
-90.0	0.285
-95.0	0.226
-100.0	0.253
-12000	0.253
2003-04-15 00:00:00	22	2
-0.0	0.295
-5.0	0.288
-10.0	0.283
-15.0	0.283
-20.0	0.291
-25.0	0.293
-30.0	0.282
-35.0	0.281
-40.0	0.294
-45.0	0.289
-50.0	0.267
-55.0	0.272
-60.0	0.271
-65.0	0.274
-70.0	0.284
-75.0	0.319
-80.0	0.316
-85.0	0.300
-90.0	0.408
-95.0	0.377
-100.0	0.357
-12000	0.357
2003-05-15 00:00:00	22	2
-0.0	0.298
-5.0	0.252
-10.0	0.215
-15.0	0.268
-20.0	0.280
-25.0	0.290
-30.0	0.284
-35.0	0.284
-40.0	0.296
-45.0	0.280
-50.0	0.283
-55.0	0.289
-60.0	0.300
-65.0	0.344
-70.0	0.337
-75.0	0.367
-80.0	0.368
-85.0	0.362
-90.0	0.431
-95.0	0.392
-100.0	0.420
-12000	0.420
2003-06-15 00:00:00	22	2
-0.0	0.099
-5.0	0.104
-10.0	0.104
-15.0	0.127
-20.0	0.141
-25.0	0.166
-30.0	0.189
-35.0	0.230
-40.0	0.258
-45.0	0.252
-50.0	0.276
-55.0	0.290
-60.0	0.288
-65.0	0.313
-70.0	0.299
-75.0	0.379
-80.0	0.366
-85.0	0.314
-90.0	0.408
-95.0	0.372
-100.0	0.415
-12000	0.415
2003-07-15 00:00:00	22	2
-0.0	0.136
-5.0	0.118
-10.0	0.103
-15.0	0.134
-20.0	0.131
-25.0	0.168
-30.0	0.189
-35.0	0.216
-40.0	0.237
-45.0	0.252
-50.0	0.232
-55.0	0.244
-60.0	0.253
-65.0	0.263
-70.0	0.257
-75.0	0.341
-80.0	0.301
-85.0	0.427
-90.0	0.533
-95.0	0.560
-100.0	0.455
-12000	0.455
2003-08-15 00:00:00	22	2
-0.0	0.071
-5.0	0.053
-10.0	0.055
-15.0	0.061
-20.0	0.078
-25.0	0.114
-30.0	0.144
-35.0	0.162
-40.0	0.178
-45.0	0.213
-50.0	0.220
-55.0	0.219
-60.0	0.221
-65.0	0.213
-70.0	0.177
-75.0	0.228
-80.0	0.217
-85.0	0.262
-90.0	0.306
-95.0	0.526
-100.0	0.452
-12000	0.452
2003-09-15 00:00:00	22	2
-0.0	0.035
-5.0	0.123
-10.0	0.087
-15.0	0.102
-20.0	0.109
-25.0	0.115
-30.0	0.133
-35.0	0.136
-40.0	0.146
-45.0	0.165
-50.0	0.174
-55.0	0.199
-60.0	0.210
-65.0	0.277
-70.0	0.216
-75.0	0.368
-80.0	0.283
-85.0	0.392
-90.0	0.397
-95.0	0.526
-100.0	0.419
-12000	0.419
2003-10-15 00:00:00	22	2
-0.0	0.183
-5.0	0.241
-10.0	0.298
-15.0	0.367
-20.0	0.368
-25.0	0.336
-30.0	0.361
-35.0	0.380
-40.0	0.397
-45.0	0.461
-50.0	0.500
-55.0	0.434
-60.0	0.466
-65.0	0.494
-70.0	0.518
-75.0	0.569
-80.0	0.570
-85.0	0.546
-90.0	0.673
-95.0	0.693
-100.0	0.709
-12000	0.709
2003-11-15 00:00:00	22	2
-0.0	0.341
-5.0	0.353
-10.0	0.351
-15.0	0.343
-20.0	0.335
-25.0	0.337
-30.0	0.350
-35.0	0.340
-40.0	0.343
-45.0	0.347
-50.0	0.349
-55.0	0.347
-60.0	0.355
-65.0	0.339
-70.0	0.301
-75.0	0.318
-80.0	0.319
-85.0	0.363
-90.0	1.088
-95.0	1.192
-100.0	1.305
-12000	1.305
2003-12-15 00:00:00	22	2
-0.0	0.368
-5.0	0.380
-10.0	0.388
-15.0	0.394
-20.0	0.395
-25.0	0.394
-30.0	0.427
-35.0	0.430
-40.0	0.435
-45.0	0.438
-50.0	0.444
-55.0	0.437
-60.0	0.441
-65.0	0.443
-70.0	0.299
-75.0	0.284
-80.0	0.287
-85.0	0.327
-90.0	0.673
-95.0	0.729
-100.0	0.776
-12000	0.776
2004-01-15 00:00:00	22	2
-0.0	0.522
-5.0	0.494
-10.0	0.320
-15.0	0.542
-20.0	0.453
-25.0	0.445
-30.0	0.433
-35.0	0.430
-40.0	0.424
-45.0	0.425
-50.0	0.423
-55.0	0.445
-60.0	0.477
-65.0	0.497
-70.0	0.364
-75.0	0.381
-80.0	0.330
-85.0	0.345
-90.0	0.380
-95.0	0.421
-100.0	0.458
-12000	0.458
2004-02-15 00:00:00	22	2
-0.0	0.441
-5.0	0.326
-10.0	0.299
-15.0	0.318
-20.0	0.301
-25.0	0.303
-30.0	0.304
-35.0	0.301
-40.0	0.297
-45.0	0.298
-50.0	0.289
-55.0	0.283
-60.0	0.273
-65.0	0.247
-70.0	0.219
-75.0	0.224
-80.0	0.277
-85.0	0.164
-90.0	0.280
-95.0	0.255
-100.0	0.271
-12000	0.271
2004-03-15 00:00:00	22	2
-0.0	0.469
-5.0	0.384
-10.0	0.345
-15.0	0.345
-20.0	0.321
-25.0	0.318
-30.0	0.329
-35.0	0.322
-40.0	0.310
-45.0	0.317
-50.0	0.297
-55.0	0.303
-60.0	0.339
-65.0	0.315
-70.0	0.296
-75.0	0.308
-80.0	0.265
-85.0	0.251
-90.0	0.285
-95.0	0.226
-100.0	0.253
-12000	0.253
2004-04-15 00:00:00	22	2
-0.0	0.295
-5.0	0.288
-10.0	0.283
-15.0	0.283
-20.0	0.291
-25.0	0.293
-30.0	0.282
-35.0	0.281
-40.0	0.294
-45.0	0.289
-50.0	0.267
-55.0	0.272
-60.0	0.271
-65.0	0.274
-70.0	0.284
-75.0	0.319
-80.0	0.316
-85.0	0.300
-90.0	0.408
-95.0	0.377
-100.0	0.357
-12000	0.357
2004-05-15 00:00:00	22	2
-0.0	0.298
-5.0	0.252
-10.0	0.215
-15.0	0.268
-20.0	0.280
-25.0	0.290
-30.0	0.284
-35.0	0.284
-40.0	0.296
-45.0	0.280
-50.0	0.283
-55.0	0.289
-60.0	0.300
-65.0	0.344
-70.0	0.337
-75.0	0.367
-80.0	0.368
-85.0	0.362
-90.0	0.431
-95.0	0.392
-100.0	0.420
-12000	0.420
2004-06-15 00:00:00	22	2
-0.0	0.099
-5.0	0.104
-10.0	0.104
-15.0	0.127
-20.0	0.141
-25.0	0.166
-30.0	0.189
-35.0	0.230
-40.0	0.258
-45.0	0.252
-50.0	0.276
-55.0	0.290
-60.0	0.288
-65.0	0.313
-70.0	0.299
-75.0	0.379
-80.0	0.366
-85.0	0.314
-90.0	0.408
-95.0	0.372
-100.0	0.415
-12000	0.415
2004-07-15 00:00:00	22	2
-0.0	0.136
-5.0	0.118
-10.0	0.103
-15.0	0.134
-20.0	0.131
-25.0	0.168
-30.0	0.189
-35.0	0.216
-40.0	0.237
-45.0	0.252
-50.0	0.232
-55.0	0.244
-60.0	0.253
-65.0	0.263
-70.0	0.257
-75.0	0.341
-80.0	0.301
-85.0	0.427
-90.0	0.533
-95.0	0.560
-100.0	0.455
-12000	0.455
2004-08-15 00:00:00	22	2
-0.0	0.071
-5.0	0.053
-10.0	0.055
-15.0	0.061
-20.0	0.078
-25.0	0.114
-30.0	0.144
-35.0	0.162
-40.0	0.178
-45.0	0.213
-50.0	0.220
-55.0	0.219
-60.0	0.221
-65.0	0.213
-70.0	0.177
-75.0	0.228
-80.0	0.217
-85.0	0.262
-90.0	0.306
-95.0	0.526
-100.0	0.452
-12000	0.452
2004-09-15 00:00:00	22	2
-0.0	0.035
-5.0	0.123
-10.0	0.087
-15.0	0.102
-20.0	0.109
-25.0	0.115
-30.0	0.133
-35.0	0.136
-40.0	0.146
-45.0	0.165
-50.0	0.174
-55.0	0.199
-60.0	0.210
-65.0	0.277
-70.0	0.216
-75.0	0.368
-80.0	0.283
-85.0	0.392
-90.0	0.397
-95.0	0.526
-100.0	0.419
-12000	0.419
2004-10-15 00:00:00	22	2
-0.0	0.183
-5.0	0.241
-10.0	0.298
-15.0	0.367
-20.0	0.368
-25.0	0.336
-30.0	0.361
-35.0	0.380
-40.0	0.397
-45.0	0.461
-50.0	0.500
-55.0	0.434
-60.0	0.466
-65.0	0.494
-70.0	0.518
-75.0	0.569
-80.0	0.570
-85.0	0.546
-90.0	0.673
-95.0	0.693
-100.0	0.709
-12000	0.709
2004-11-15 00:00:00	22	2
-0.0	0.341
-5.0	0.353
-10.0	0.351
-15.0	0.343
-20.0	0.335
-25.0	0.337
-30.0	0.350
-35.0	0.340
-40.0	0.343
-45.0	0.347
-50.0	0.349
-55.0	0.347
-60.0	0.355
-65.0	0.339
-70.0	0.301
-75.0	0.318
-80.0	0.319
-85.0	0.363
-90.0	1.088
-95.0	1.192
-100.0	1.305
-12000	1.305
2004-12-15 00:00:00	22	2
-0.0	0.368
-5.0	0.380
-10.0	0.388
-15.0	0.394
-20.0	0.395
-25.0	0.394
-30.0	0.427
-35.0	0.430
-40.0	0.435
-45.0	0.438
-50.0	0.444
-55.0	0.437
-60.0	0.441
-65.0	0.443
-70.0	0.299
-75.0	0.284
-80.0	0.287
-85.0	0.327
-90.0	0.673
-95.0	0.729
-100.0	0.776
-12000	0.776
2005-01-15 00:00:00	22	2
-0.0	0.522
-5.0	0.494
-10.0	0.320
-15.0	0.542
-20.0	0.453
-25.0	0.445
-30.0	0.433
-35.0	0.430
-40.0	0.424
-45.0	0.425
-50.0	0.423
-55.0	0.445
-60.0	0.477
-65.0	0.497
-70.0	0.364
-75.0	0.381
-80.0	0.330
-85.0	0.345
-90.0	0.380
-95.0	0.421
-100.0	0.458
-12000	0.458
2005-02-15 00:00:00	22	2
-0.0	0.441
-5.0	0.326
-10.0	0.299
-15.0	0.318
-20.0	0.301
-25.0	0.303
-30.0	0.304
-35.0	0.301
-40.0	0.297
-45.0	0.298
-50.0	0.289
-55.0	0.283
-60.0	0.273
-65.0	0.247
-70.0	0.219
-75.0	0.224
-80.0	0.277
-85.0	0.164
-90.0	0.280
-95.0	0.255
-100.0	0.271
-12000	0.271
2005-03-15 00:00:00	22	2
-0.0	0.469
-5.0	0.384
-10.0	0.345
-15.0	0.345
-20.0	0.321
-25.0	0.318
-30.0	0.329
-35.0	0.322
-40.0	0.310
-45.0	0.317
-50.0	0.297
-55.0	0.303
-60.0	0.339
-65.0	0.315
-70.0	0.296
-75.0	0.308
-80.0	0.265
-85.0	0.251
-90.0	0.285
-95.0	0.226
-100.0	0.253
-12000	0.253
2005-04-15 00:00:00	22	2
-0.0	0.295
-5.0	0.288
-10.0	0.283
-15.0	0.283
-20.0	0.291
-25.0	0.293
-30.0	0.282
-35.0	0.281
-40.0	0.294
-45.0	0.289
-50.0	0.267
-55.0	0.272
-60.0	0.271
-65.0	0.274
-70.0	0.284
-75.0	0.319
-80.0	0.316
-85.0	0.300
-90.0	0.408
-95.0	0.377
-100.0	0.357
-12000	0.357
2005-05-15 00:00:00	22	2
-0.0	0.298
-5.0	0.252
-10.0	0.215
-15.0	0.268
-20.0	0.280
-25.0	0.290
-30.0	0.284
-35.0	0.284
-40.0	0.296
-45.0	0.280
-50.0	0.283
-55.0	0.289
-60.0	0.300
-65.0	0.344
-70.0	0.337
-75.0	0.367
-80.0	0.368
-85.0	0.362
-90.0	0.431
-95.0	0.392
-100.0	0.420
-12000	0.420
2005-06-15 00:00:00	22	2
-0.0	0.099
-5.0	0.104
-10.0	0.104
-15.0	0.127
-20.0	0.141
-25.0	0.166
-30.0	0.189
-35.0	0.230
-40.0	0.258
-45.0	0.252
-50.0	0.276
-55.0	0.290
-60.0	0.288
-65.0	0.313
-70.0	0.299
-75.0	0.379
-80.0	0.366
-85.0	0.314
-90.0	0.408
-95.0	0.372
-100.0	0.415
-12000	0.415
2005-07-15 00:00:00	22	2
-0.0	0.136
-5.0	0.118
-10.0	0.103
-15.0	0.134
-20.0	0.131
-25.0	0.168
-30.0	0.189
-35.0	0.216
-40.0	0.237
-45.0	0.252
-50.0	0.232
-55.0	0.244
-60.0	0.253
-65.0	0.263
-70.0	0.257
-75.0	0.341
-80.0	0.301
-85.0	0.427
-90.0	0.533
-95.0	0.560
-100.0	0.455
-12000	0.455
2005-08-15 00:00:00	22	2
-0.0	0.071
-5.0	0.053
-10.0	0.055
-15.0	0.061
-20.0	0.078
-25.0	0.114
-30.0	0.144
-35.0	0.162
-40.0	0.178
-45.0	0.213
-50.0	0.220
-55.0	0.219
-60.0	0.221
-65.0	0.213
-70.0	0.177
-75.0	0.228
-80.0	0.217
-85.0	0.262
-90.0	0.306
-95.0	0.526
-100.0	0.452
-12000	0.452
2005-09-15 00:00:00	22	2
-0.0	0.035
-5.0	0.123
-10.0	0.087
-15.0	0.102
-20.0	0.109
-25.0	0.115
-30.0	0.133
-35.0	0.136
-40.0	0.146
-45.0	0.165
-50.0	0.174
-55.0	0.199
-60.0	0.210
-65.0	0.277
-70.0	0.216
-75.0	0.368
-80.0	0.283
-85.0	0.392
-90.0	0.397
-95.0	0.526
-100.0	0.419
-12000	0.419
2005-10-15 00:00:00	22	2
-0.0	0.183
-5.0	0.241
-10.0	0.298
-15.0	0.367
-20.0	0.368
-25.0	0.336
-30.0	0.361
-35.0	0.380
-40.0	0.397
-45.0	0.461
-50.0	0.500
-55.0	0.434
-60.0	0.466
-65.0	0.494
-70.0	0.518
-75.0	0.569
-80.0	0.570
-85.0	0.546
-90.0	0.673
-95.0	0.693
-100.0	0.709
-12000	0.709
2005-11-15 00:00:00	22	2
-0.0	0.341
-5.0	0.353
-10.0	0.351
-15.0	0.343
-20.0	0.335
-25.0	0.337
-30.0	0.350
-35.0	0.340
-40.0	0.343
-45.0	0.347
-50.0	0.349
-55.0	0.347
-60.0	0.355
-65.0	0.339
-70.0	0.301
-75.0	0.318
-80.0	0.319
-85.0	0.363
-90.0	1.088
-95.0	1.192
-100.0	1.305
-12000	1.305
2005-12-15 00:00:00	22	2
-0.0	0.368
-5.0	0.380
-10.0	0.388
-15.0	0.394
-20.0	0.395
-25.0	0.394
-30.0	0.427
-35.0	0.430
-40.0	0.435
-45.0	0.438
-50.0	0.444
-55.0	0.437
-60.0	0.441
-65.0	0.443
-70.0	0.299
-75.0	0.284
-80.0	0.287
-85.0	0.327
-90.0	0.673
-95.0	0.729
-100.0	0.776
-12000	0.776
2006-01-15 00:00:00	22	2
-0.0	0.522
-5.0	0.494
-10.0	0.320
-15.0	0.542
-20.0	0.453
-25.0	0.445
-30.0	0.433
-35.0	0.430
-40.0	0.424
-45.0	0.425
-50.0	0.423
-55.0	0.445
-60.0	0.477
-65.0	0.497
-70.0	0.364
-75.0	0.381
-80.0	0.330
-85.0	0.345
-90.0	0.380
-95.0	0.421
-100.0	0.458
-12000	0.458
2006-02-15 00:00:00	22	2
-0.0	0.441
-5.0	0.326
-10.0	0.299
-15.0	0.318
-20.0	0.301
-25.0	0.303
-30.0	0.304
-35.0	0.301
-40.0	0.297
-45.0	0.298
-50.0	0.289
-55.0	0.283
-60.0	0.273
-65.0	0.247
-70.0	0.219
-75.0	0.224
-80.0	0.277
-85.0	0.164
-90.0	0.280
-95.0	0.255
-100.0	0.271
-12000	0.271
2006-03-15 00:00:00	22	2
-0.0	0.469
-5.0	0.384
-10.0	0.345
-15.0	0.345
-20.0	0.321
-25.0	0.318
-30.0	0.329
-35.0	0.322
-40.0	0.310
-45.0	0.317
-50.0	0.297
-55.0	0.303
-60.0	0.339
-65.0	0.315
-70.0	0.296
-75.0	0.308
-80.0	0.265
-85.0	0.251
-90.0	0.285
-95.0	0.226
-100.0	0.253
-12000	0.253
2006-04-15 00:00:00	22	2
-0.0	0.295
-5.0	0.288
-10.0	0.283
-15.0	0.283
-20.0	0.291
-25.0	0.293
-30.0	0.282
-35.0	0.281
-40.0	0.294
-45.0	0.289
-50.0	0.267
-55.0	0.272
-60.0	0.271
-65.0	0.274
-70.0	0.284
-75.0	0.319
-80.0	0.316
-85.0	0.300
-90.0	0.408
-95.0	0.377
-100.0	0.357
-12000	0.357
2006-05-15 00:00:00	22	2
-0.0	0.298
-5.0	0.252
-10.0	0.215
-15.0	0.268
-20.0	0.280
-25.0	0.290
-30.0	0.284
-35.0	0.284
-40.0	0.296
-45.0	0.280
-50.0	0.283
-55.0	0.289
-60.0	0.300
-65.0	0.344
-70.0	0.337
-75.0	0.367
-80.0	0.368
-85.0	0.362
-90.0	0.431
-95.0	0.392
-100.0	0.420
-12000	0.420
2006-06-15 00:00:00	22	2
-0.0	0.099
-5.0	0.104
-10.0	0.104
-15.0	0.127
-20.0	0.141
-25.0	0.166
-30.0	0.189
-35.0	0.230
-40.0	0.258
-45.0	0.252
-50.0	0.276
-55.0	0.290
-60.0	0.288
-65.0	0.313
-70.0	0.299
-75.0	0.379
-80.0	0.366
-85.0	0.314
-90.0	0.408
-95.0	0.372
-100.0	0.415
-12000	0.415
2006-07-15 00:00:00	22	2
-0.0	0.136
-5.0	0.118
-10.0	0.103
-15.0	0.134
-20.0	0.131
-25.0	0.168
-30.0	0.189
-35.0	0.216
-40.0	0.237
-45.0	0.252
-50.0	0.232
-55.0	0.244
-60.0	0.253
-65.0	0.263
-70.0	0.257
-75.0	0.341
-80.0	0.301
-85.0	0.427
-90.0	0.533
-95.0	0.560
-100.0	0.455
-12000	0.455
2006-08-15 00:00:00	22	2
-0.0	0.071
-5.0	0.053
-10.0	0.055
-15.0	0.061
-20.0	0.078
-25.0	0.114
-30.0	0.144
-35.0	0.162
-40.0	0.178
-45.0	0.213
-50.0	0.220
-55.0	0.219
-60.0	0.221
-65.0	0.213
-70.0	0.177
-75.0	0.228
-80.0	0.217
-85.0	0.262
-90.0	0.306
-95.0	0.526
-100.0	0.452
-12000	0.452
2006-09-15 00:00:00	22	2
-0.0	0.035
-5.0	0.123
-10.0	0.087
-15.0	0.102
-20.0	0.109
-25.0	0.115
-30.0	0.133
-35.0	0.136
-40.0	0.146
-45.0	0.165
-50.0	0.174
-55.0	0.199
-60.0	0.210
-65.0	0.277
-70.0	0.216
-75.0	0.368
-80.0	0.283
-85.0	0.392
-90.0	0.397
-95.0	0.526
-100.0	0.419
-12000	0.419
2006-10-15 00:00:00	22	2
-0.0	0.183
-5.0	0.241
-10.0	0.298
-15.0	0.367
-20.0	0.368
-25.0	0.336
-30.0	0.361
-35.0	0.380
-40.0	0.397
-45.0	0.461
-50.0	0.500
-55.0	0.434
-60.0	0.466
-65.0	0.494
-70.0	0.518
-75.0	0.569
-80.0	0.570
-85.0	0.546
-90.0	0.673
-95.0	0.693
-100.0	0.709
-12000	0.709
2006-11-15 00:00:00	22	2
-0.0	0.341
-5.0	0.353
-10.0	0.351
-15.0	0.343
-20.0	0.335
-25.0	0.337
-30.0	0.350
-35.0	0.340
-40.0	0.343
-45.0	0.347
-50.0	0.349
-55.0	0.347
-60.0	0.355
-65.0	0.339
-70.0	0.301
-75.0	0.318
-80.0	0.319
-85.0	0.363
-90.0	1.088
-95.0	1.192
-100.0	1.305
-12000	1.305
2006-12-15 00:00:00	22	2
-0.0	0.368
-5.0	0.380
-10.0	0.388
-15.0	0.394
-20.0	0.395
-25.0	0.394
-30.0	0.427
-35.0	0.430
-40.0	0.435
-45.0	0.438
-50.0	0.444
-55.0	0.437
-60.0	0.441
-65.0	0.443
-70.0	0.299
-75.0	0.284
-80.0	0.287
-85.0	0.327
-90.0	0.673
-95.0	0.729
-100.0	0.776
-12000	0.776
2007-01-15 00:00:00	22	2
-0.0	0.522
-5.0	0.494
-10.0	0.320
-15.0	0.542
-20.0	0.453
-25.0	0.445
-30.0	0.433
-35.0	0.430
-40.0	0.424
-45.0	0.425
-50.0	0.423
-55.0	0.445
-60.0	0.477
-65.0	0.497
-70.0	0.364
-75.0	0.381
-80.0	0.330
-85.0	0.345
-90.0	0.380
-95.0	0.421
-100.0	0.458
-12000	0.458
2007-02-15 00:00:00	22	2
-0.0	0.441
-5.0	0.326
-10.0	0.299
-15.0	0.318
-20.0	0.301
-25.0	0.303
-30.0	0.304
-35.0	0.301
-40.0	0.297
-45.0	0.298
-50.0	0.289
-55.0	0.283
-60.0	0.273
-65.0	0.247
-70.0	0.219
-75.0	0.224
-80.0	0.277
-85.0	0.164
-90.0	0.280
-95.0	0.255
-100.0	0.271
-12000	0.271
2007-03-15 00:00:00	22	2
-0.0	0.469
-5.0	0.384
-10.0	0.345
-15.0	0.345
-20.0	0.321
-25.0	0.318
-30.0	0.329
-35.0	0.322
-40.0	0.310
-45.0	0.317
-50.0	0.297
-55.0	0.303
-60.0	0.339
-65.0	0.315
-70.0	0.296
-75.0	0.308
-80.0	0.265
-85.0	0.251
-90.0	0.285
-95.0	0.226
-100.0	0.253
-12000	0.253
2007-04-15 00:00:00	22	2
-0.0	0.295
-5.0	0.288
-10.0	0.283
-15.0	0.283
-20.0	0.291
-25.0	0.293
-30.0	0.282
-35.0	0.281
-40.0	0.294
-45.0	0.289
-50.0	0.267
-55.0	0.272
-60.0	0.271
-65.0	0.274
-70.0	0.284
-75.0	0.319
-80.0	0.316
-85.0	0.300
-90.0	0.408
-95.0	0.377
-100.0	0.357
-12000	0.357
2007-05-15 00:00:00	22	2
-0.0	0.298
-5.0	0.252
-10.0	0.215
-15.0	0.268
-20.0	0.280
-25.0	0.290
-30.0	0.284
-35.0	0.284
-40.0	0.296
-45.0	0.280
-50.0	0.283
-55.0	0.289
-60.0	0.300
-65.0	0.344
-70.0	0.337
-75.0	0.367
-80.0	0.368
-85.0	0.362
-90.0	0.431
-95.0	0.392
-100.0	0.420
-12000	0.420
2007-06-15 00:00:00	22	2
-0.0	0.099
-5.0	0.104
-10.0	0.104
-15.0	0.127
-20.0	0.141
-25.0	0.166
-30.0	0.189
-35.0	0.230
-40.0	0.258
-45.0	0.252
-50.0	0.276
-55.0	0.290
-60.0	0.288
-65.0	0.313
-70.0	0.299
-75.0	0.379
-80.0	0.366
-85.0	0.314
-90.0	0.408
-95.0	0.372
-100.0	0.415
-12000	0.415
2007-07-15 00:00:00	22	2
-0.0	0.136
-5.0	0.118
-10.0	0.103
-15.0	0.134
-20.0	0.131
-25.0	0.168
-30.0	0.189
-35.0	0.216
-40.0	0.237
-45.0	0.252
-50.0	0.232
-55.0	0.244
-60.0	0.253
-65.0	0.263
-70.0	0.257
-75.0	0.341
-80.0	0.301
-85.0	0.427
-90.0	0.533
-95.0	0.560
-100.0	0.455
-12000	0.455
2007-08-15 00:00:00	22	2
-0.0	0.071
-5.0	0.053
-10.0	0.055
-15.0	0.061
-20.0	0.078
-25.0	0.114
-30.0	0.144
-35.0	0.162
-40.0	0.178
-45.0	0.213
-50.0	0.220
-55.0	0.219
-60.0	0.221
-65.0	0.213
-70.0	0.177
-75.0	0.228
-80.0	0.217
-85.0	0.262
-90.0	0.306
-95.0	0.526
-100.0	0.452
-12000	0.452
2007-09-15 00:00:00	22	2
-0.0	0.035
-5.0	0.123
-10.0	0.087
-15.0	0.102
-20.0	0.109
-25.0	0.115
-30.0	0.133
-35.0	0.136
-40.0	0.146
-45.0	0.165
-50.0	0.174
-55.0	0.199
-60.0	0.210
-65.0	0.277
-70.0	0.216
-75.0	0.368
-80.0	0.283
-85.0	0.392
-90.0	0.397
-95.0	0.526
-100.0	0.419
-12000	0.419
2007-10-15 00:00:00	22	2
-0.0	0.183
-5.0	0.241
-10.0	0.298
-15.0	0.367
-20.0	0.368
-25.0	0.336
-30.0	0.361
-35.0	0.380
-40.0	0.397
-45.0	0.461
-50.0	0.500
-55.0	0.434
-60.0	0.466
-65.0	0.494
-70.0	0.518
-75.0	0.569
-80.0	0.570
-85.0	0.546
-90.0	0.673
-95.0	0.693
-100.0	0.709
-12000	0.709
2007-11-15 00:00:00	22	2
-0.0	0.341
-5.0	0.353
-10.0	0.351
-15.0	0.343
-20.0	0.335
-25.0	0.337
-30.0	0.350
-35.0	0.340
-40.0	0.343
-45.0	0.347
-50.0	0.349
-55.0	0.347
-60.0	0.355
-65.0	0.339
-70.0	0.301
-75.0	0.318
-80.0	0.319
-85.0	0.363
-90.0	1.088
-95.0	1.192
-100.0	1.305
-12000	1.305
2007-12-15 00:00:00	22	2
-0.0	0.368
-5.0	0.380
-10.0	0.388
-15.0	0.394
-20.0	0.395
-25.0	0.394
-30.0	0.427
-35.0	0.430
-40.0	0.435
-45.0	0.438
-50.0	0.444
-55.0	0.437
-60.0	0.441
-65.0	0.443
-70.0	0.299
-75.0	0.284
-80.0	0.287
-85.0	0.327
-90.0	0.673
-95.0	0.729
-100.0	0.776
-12000	0.776
2008-01-15 00:00:00	22	2
-0.0	0.522
-5.0	0.494
-10.0	0.320
-15.0	0.542
-20.0	0.453
-25.0	0.445
-30.0	0.433
-35.0	0.430
-40.0	0.424
-45.0	0.425
-50.0	0.423
-55.0	0.445
-60.0	0.477
-65.0	0.497
-70.0	0.364
-75.0	0.381
-80.0	0.330
-85.0	0.345
-90.0	0.380
-95.0	0.421
-100.0	0.458
-12000	0.458
2008-02-15 00:00:00	22	2
-0.0	0.441
-5.0	0.326
-10.0	0.299
-15.0	0.318
-20.0	0.301
-25.0	0.303
-30.0	0.304
-35.0	0.301
-40.0	0.297
-45.0	0.298
-50.0	0.289
-55.0	0.283
-60.0	0.273
-65.0	0.247
-70.0	0.219
-75.0	0.224
-80.0	0.277
-85.0	0.164
-90.0	0.280
-95.0	0.255
-100.0	0.271
-12000	0.271
2008-03-15 00:00:00	22	2
-0.0	0.469
-5.0	0.384
-10.0	0.345
-15.0	0.345
-20.0	0.321
-25.0	0.318
-30.0	0.329
-35.0	0.322
-40.0	0.310
-45.0	0.317
-50.0	0.297
-55.0	0.303
-60.0	0.339
-65.0	0.315
-70.0	0.296
-75.0	0.308
-80.0	0.265
-85.0	0.251
-90.0	0.285
-95.0	0.226
-100.0	0.253
-12000	0.253
2008-04-15 00:00:00	22	2
-0.0	0.295
-5.0	0.288
-10.0	0.283
-15.0	0.283
-20.0	0.291
-25.0	0.293
-30.0	0.282
-35.0	0.281
-40.0	0.294
-45.0	0.289
-50.0	0.267
-55.0	0.272
-60.0	0.271
-65.0	0.274
-70.0	0.284
-75.0	0.319
-80.0	0.316
-85.0	0.300
-90.0	0.408
-95.0	0.377
-100.0	0.357
-12000	0.357
2008-05-15 00:00:00	22	2
-0.0	0.298
-5.0	0.252
-10.0	0.215
-15.0	0.268
-20.0	0.280
-25.0	0.290
-30.0	0.284
-35.0	0.284
-40.0	0.296
-45.0	0.280
-50.0	0.283
-55.0	0.289
-60.0	0.300
-65.0	0.344
-70.0	0.337
-75.0	0.367
-80.0	0.368
-85.0	0.362
-90.0	0.431
-95.0	0.392
-100.0	0.420
-12000	0.420
2008-06-15 00:00:00	22	2
-0.0	0.099
-5.0	0.104
-10.0	0.104
-15.0	0.127
-20.0	0.141
-25.0	0.166
-30.0	0.189
-35.0	0.230
-40.0	0.258
-45.0	0.252
-50.0	0.276
-55.0	0.290
-60.0	0.288
-65.0	0.313
-70.0	0.299
-75.0	0.379
-80.0	0.366
-85.0	0.314
-90.0	0.408
-95.0	0.372
-100.0	0.415
-12000	0.415
2008-07-15 00:00:00	22	2
-0.0	0.136
-5.0	0.118
-10.0	0.103
-15.0	0.134
-20.0	0.131
-25.0	0.168
-30.0	0.189
-35.0	0.216
-40.0	0.237
-45.0	0.252
-50.0	0.232
-55.0	0.244
-60.0	0.253
-65.0	0.263
-70.0	0.257
-75.0	0.341
-80.0	0.301
-85.0	0.427
-90.0	0.533
-95.0	0.560
-100.0	0.455
-12000	0.455
2008-08-15 00:00:00	22	2
-0.0	0.071
-5.0	0.053
-10.0	0.055
-15.0	0.061
-20.0	0.078
-25.0	0.114
-30.0	0.144
-35.0	0.162
-40.0	0.178
-45.0	0.213
-50.0	0.220
-55.0	0.219
-60.0	0.221
-65.0	0.213
-70.0	0.177
-75.0	0.228
-80.0	0.217
-85.0	0.262
-90.0	0.306
-95.0	0.526
-100.0	0.452
-12000	0.452
2008-09-15 00:00:00	22	2
-0.0	0.035
-5.0	0.123
-10.0	0.087
-15.0	0.102
-20.0	0.109
-25.0	0.115
-30.0	0.133
-35.0	0.136
-40.0	0.146
-45.0	0.165
-50.0	0.174
-55.0	0.199
-60.0	0.210
-65.0	0.277
-70.0	0.216
-75.0	0.368
-80.0	0.283
-85.0	0.392
-90.0	0.397
-95.0	0.526
-100.0	0.419
-12000	0.419
2008-10-15 00:00:00	22	2
-0.0	0.183
-5.0	0.241
-10.0	0.298
-15.0	0.367
-20.0	0.368
-25.0	0.336
-30.0	0.361
-35.0	0.380
-40.0	0.397
-45.0	0.461
-50.0	0.500
-55.0	0.434
-60.0	0.466
-65.0	0.494
-70.0	0.518
-75.0	0.569
-80.0	0.570
-85.0	0.546
-90.0	0.673
-95.0	0.693
-100.0	0.709
-12000	0.709
2008-11-15 00:00:00	22	2
-0.0	0.341
-5.0	0.353
-10.0	0.351
-15.0	0.343
-20.0	0.335
-25.0	0.337
-30.0	0.350
-35.0	0.340
-40.0	0.343
-45.0	0.347
-50.0	0.349
-55.0	0.347
-60.0	0.355
-65.0	0.339
-70.0	0.301
-75.0	0.318
-80.0	0.319
-85.0	0.363
-90.0	1.088
-95.0	1.192
-100.0	1.305
-12000	1.305
2008-12-15 00:00:00	22	2
-0.0	0.368
-5.0	0.380
-10.0	0.388
-15.0	0.394
-20.0	0.395
-25.0	0.394
-30.0	0.427
-35.0	0.430
-40.0	0.435
-45.0	0.438
-50.0	0.444
-55.0	0.437
-60.0	0.441
-65.0	0.443
-70.0	0.299
-75.0	0.284
-80.0	0.287
-85.0	0.327
-90.0	0.673
-95.0	0.729
-100.0	0.776
-12000	0.776
2009-01-15 00:00:00	22	2
-0.0	0.522
-5.0	0.494
-10.0	0.320
-15.0	0.542
-20.0	0.453
-25.0	0.445
-30.0	0.433
-35.0	0.430
-40.0	0.424
-45.0	0.425
-50.0	0.423
-55.0	0.445
-60.0	0.477
-65.0	0.497
-70.0	0.364
-75.0	0.381
-80.0	0.330
-85.0	0.345
-90.0	0.380
-95.0	0.421
-100.0	0.458
-12000	0.458
2009-02-15 00:00:00	22	2
-0.0	0.441
-5.0	0.326
-10.0	0.299
-15.0	0.318
-20.0	0.301
-25.0	0.303
-30.0	0.304
-35.0	0.301
-40.0	0.297
-45.0	0.298
-50.0	0.289
-55.0	0.283
-60.0	0.273
-65.0	0.247
-70.0	0.219
-75.0	0.224
-80.0	0.277
-85.0	0.164
-90.0	0.280
-95.0	0.255
-100.0	0.271
-12000	0.271
2009-03-15 00:00:00	22	2
-0.0	0.469
-5.0	0.384
-10.0	0.345
-15.0	0.345
-20.0	0.321
-25.0	0.318
-30.0	0.329
-35.0	0.322
-40.0	0.310
-45.0	0.317
-50.0	0.297
-55.0	0.303
-60.0	0.339
-65.0	0.315
-70.0	0.296
-75.0	0.308
-80.0	0.265
-85.0	0.251
-90.0	0.285
-95.0	0.226
-100.0	0.253
-12000	0.253
2009-04-15 00:00:00	22	2
-0.0	0.295
-5.0	0.288
-10.0	0.283
-15.0	0.283
-20.0	0.291
-25.0	0.293
-30.0	0.282
-35.0	0.281
-40.0	0.294
-45.0	0.289
-50.0	0.267
-55.0	0.272
-60.0	0.271
-65.0	0.274
-70.0	0.284
-75.0	0.319
-80.0	0.316
-85.0	0.300
-90.0	0.408
-95.0	0.377
-100.0	0.357
-12000	0.357
2009-05-15 00:00:00	22	2
-0.0	0.298
-5.0	0.252
-10.0	0.215
-15.0	0.268
-20.0	0.280
-25.0	0.290
-30.0	0.284
-35.0	0.284
-40.0	0.296
-45.0	0.280
-50.0	0.283
-55.0	0.289
-60.0	0.300
-65.0	0.344
-70.0	0.337
-75.0	0.367
-80.0	0.368
-85.0	0.362
-90.0	0.431
-95.0	0.392
-100.0	0.420
-12000	0.420
2009-06-15 00:00:00	22	2
-0.0	0.099
-5.0	0.104
-10.0	0.104
-15.0	0.127
-20.0	0.141
-25.0	0.166
-30.0	0.189
-35.0	0.230
-40.0	0.258
-45.0	0.252
-50.0	0.276
-55.0	0.290
-60.0	0.288
-65.0	0.313
-70.0	0.299
-75.0	0.379
-80.0	0.366
-85.0	0.314
-90.0	0.408
-95.0	0.372
-100.0	0.415
-12000	0.415
2009-07-15 00:00:00	22	2
-0.0	0.136
-5.0	0.118
-10.0	0.103
-15.0	0.134
-20.0	0.131
-25.0	0.168
-30.0	0.189
-35.0	0.216
-40.0	0.237
-45.0	0.252
-50.0	0.232
-55.0	0.244
-60.0	0.253
-65.0	0.263
-70.0	0.257
-75.0	0.341
-80.0	0.301
-85.0	0.427
-90.0	0.533
-95.0	0.560
-100.0	0.455
-12000	0.455
2009-08-15 00:00:00	22	2
-0.0	0.071
-5.0	0.053
-10.0	0.055
-15.0	0.061
-20.0	0.078
-25.0	0.114
-30.0	0.144
-35.0	0.162
-40.0	0.178
-45.0	0.213
-50.0	0.220
-55.0	0.219
-60.0	0.221
-65.0	0.213
-70.0	0.177
-75.0	0.228
-80.0	0.217
-85.0	0.262
-90.0	0.306
-95.0	0.526
-100.0	0.452
-12000	0.452
2009-09-15 00:00:00	22	2
-0.0	0.035
-5.0	0.123
-10.0	0.087
-15.0	0.102
-20.0	0.109
-25.0	0.115
-30.0	0.133
-35.0	0.136
-40.0	0.146
-45.0	0.165
-50.0	0.174
-55.0	0.199
-60.0	0.210
-65.0	0.277
-70.0	0.216
-75.0	0.368
-80.0	0.283
-85.0	0.392
-90.0	0.397
-95.0	0.526
-100.0	0.419
-12000	0.419
2009-10-15 00:00:00	22	2
-0.0	0.183
-5.0	0.241
-10.0	0.298
-15.0	0.367
-20.0	0.368
-25.0	0.336
-30.0	0.361
-35.0	0.380
-40.0	0.397
-45.0	0.461
-50.0	0.500
-55.0	0.434
-60.0	0.466
-65.0	0.494
-70.0	0.518
-75.0	0.569
-80.0	0.570
-85.0	0.546
-90.0	0.673
-95.0	0.693
-100.0	0.709
-12000	0.709
2009-11-15 00:00:00	22	2
-0.0	0.341
-5.0	0.353
-10.0	0.351
-15.0	0.343
-20.0	0.335
-25.0	0.337
-30.0	0.350
-35.0	0.340
-40.0	0.343
-45.0	0.347
-50.0	0.349
-55.0	0.347
-60.0	0.355
-65.0	0.339
-70.0	0.301
-75.0	0.318
-80.0	0.319
-85.0	0.363
-90.0	1.088
-95.0	1.192
-100.0	1.305
-12000	1.305
2009-12-15 00:00:00	22	2
-0.0	0.368
-5.0	0.380
-10.0	0.388
-15.0	0.394
-20.0	0.395
-25.0	0.394
-30.0	0.427
-35.0	0.430
-40.0	0.435
-45.0	0.438
-50.0	0.444
-55.0	0.437
-60.0	0.441
-65.0	0.443
-70.0	0.299
-75.0	0.284
-80.0	0.287
-85.0	0.327
-90.0	0.673
-95.0	0.729
-100.0	0.776
-12000	0.776
2010-01-15 00:00:00	22	2
-0.0	0.522
-5.0	0.494
-10.0	0.320
-15.0	0.542
-20.0	0.453
-25.0	0.445
-30.0	0.433
-35.0	0.430
-40.0	0.424
-45.0	0.425
-50.0	0.423
-55.0	0.445
-60.0	0.477
-65.0	0.497
-70.0	0.364
-75.0	0.381
-80.0	0.330
-85.0	0.345
-90.0	0.380
-95.0	0.421
-100.0	0.458
-12000	0.458
2010-02-15 00:00:00	22	2
-0.0	0.441
-5.0	0.326
-10.0	0.299
-15.0	0.318
-20.0	0.301
-25.0	0.303
-30.0	0.304
-35.0	0.301
-40.0	0.297
-45.0	0.298
-50.0	0.289
-55.0	0.283
-60.0	0.273
-65.0	0.247
-70.0	0.219
-75.0	0.224
-80.0	0.277
-85.0	0.164
-90.0	0.280
-95.0	0.255
-100.0	0.271
-12000	0.271
2010-03-15 00:00:00	22	2
-0.0	0.469
-5.0	0.384
-10.0	0.345
-15.0	0.345
-20.0	0.321
-25.0	0.318
-30.0	0.329
-35.0	0.322
-40.0	0.310
-45.0	0.317
-50.0	0.297
-55.0	0.303
-60.0	0.339
-65.0	0.315
-70.0	0.296
-75.0	0.308
-80.0	0.265
-85.0	0.251
-90.0	0.285
-95.0	0.226
-100.0	0.253
-12000	0.253
2010-04-15 00:00:00	22	2
-0.0	0.295
-5.0	0.288
-10.0	0.283
-15.0	0.283
-20.0	0.291
-25.0	0.293
-30.0	0.282
-35.0	0.281
-40.0	0.294
-45.0	0.289
-50.0	0.267
-55.0	0.272
-60.0	0.271
-65.0	0.274
-70.0	0.284
-75.0	0.319
-80.0	0.316
-85.0	0.300
-90.0	0.408
-95.0	0.377
-100.0	0.357
-12000	0.357
2010-05-15 00:00:00	22	2
-0.0	0.298
-5.0	0.252
-10.0	0.215
-15.0	0.268
-20.0	0.280
-25.0	0.290
-30.0	0.284
-35.0	0.284
-40.0	0.296
-45.0	0.280
-50.0	0.283
-55.0	0.289
-60.0	0.300
-65.0	0.344
-70.0	0.337
-75.0	0.367
-80.0	0.368
-85.0	0.362
-90.0	0.431
-95.0	0.392
-100.0	0.420
-12000	0.420
2010-06-15 00:00:00	22	2
-0.0	0.099
-5.0	0.104
-10.0	0.104
-15.0	0.127
-20.0	0.141
-25.0	0.166
-30.0	0.189
-35.0	0.230
-40.0	0.258
-45.0	0.252
-50.0	0.276
-55.0	0.290
-60.0	0.288
-65.0	0.313
-70.0	0.299
-75.0	0.379
-80.0	0.366
-85.0	0.314
-90.0	0.408
-95.0	0.372
-100.0	0.415
-12000	0.415
2010-07-15 00:00:00	22	2
-0.0	0.136
-5.0	0.118
-10.0	0.103
-15.0	0.134
-20.0	0.131
-25.0	0.168
-30.0	0.189
-35.0	0.216
-40.0	0.237
-45.0	0.252
-50.0	0.232
-55.0	0.244
-60.0	0.253
-65.0	0.263
-70.0	0.257
-75.0	0.341
-80.0	0.301
-85.0	0.427
-90.0	0.533
-95.0	0.560
-100.0	0.455
-12000	0.455
2010-08-15 00:00:00	22	2
-0.0	0.071
-5.0	0.053
-10.0	0.055
-15.0	0.061
-20.0	0.078
-25.0	0.114
-30.0	0.144
-35.0	0.162
-40.0	0.178
-45.0	0.213
-50.0	0.220
-55.0	0.219
-60.0	0.221
-65.0	0.213
-70.0	0.177
-75.0	0.228
-80.0	0.217
-85.0	0.262
-90.0	0.306
-95.0	0.526
-100.0	0.452
-12000	0.452
2010-09-15 00:00:00	22	2
-0.0	0.035
-5.0	0.123
-10.0	0.087
-15.0	0.102
-20.0	0.109
-25.0	0.115
-30.0	0.133
-35.0	0.136
-40.0	0.146
-45.0	0.165
-50.0	0.174
-55.0	0.199
-60.0	0.210
-65.0	0.277
-70.0	0.216
-75.0	0.368
-80.0	0.283
-85.0	0.392
-90.0	0.397
-95.0	0.526
-100.0	0.419
-12000	0.419
2010-10-15 00:00:00	22	2
-0.0	0.183
-5.0	0.241
-10.0	0.298
-15.0	0.367
-20.0	0.368
-25.0	0.336
-30.0	0.361
-35.0	0.380
-40.0	0.397
-45.0	0.461
-50.0	0.500
-55.0	0.434
-60.0	0.466
-65.0	0.494
-70.0	0.518
-75.0	0.569
-80.0	0.570
-85.0	0.546
-90.0	0.673
-95.0	0.693
-100.0	0.709
-12000	0.709
2010-11-15 00:00:00	22	2
-0.0	0.341
-5.0	0.353
-10.0	0.351
-15.0	0.343
-20.0	0.335
-25.0	0.337
-30.0	0.350
-35.0	0.340
-40.0	0.343
-45.0	0.347
-50.0	0.349
-55.0	0.347
-60.0	0.355
-65.0	0.339
-70.0	0.301
-75.0	0.318
-80.0	0.319
-85.0	0.363
-90.0	1.088
-95.0	1.192
-100.0	1.305
-12000	1.305
2010-12-15 00:00:00	22	2
-0.0	0.368
-5.0	0.380
-10.0	0.388
-15.0	0.394
-20.0	0.395
-25.0	0.394
-30.0	0.427
-35.0	0.430
-40.0	0.435
-45.0	0.438
-50.0	0.444
-55.0	0.437
-60.0	0.441
-65.0	0.443
-70.0	0.299
-75.0	0.284
-80.0	0.287
-85.0	0.327
-90.0	0.673
-95.0	0.729
-100.0	0.776
-12000	0.776
2011-01-15 00:00:00	22	2
-0.0	0.522
-5.0	0.494
-10.0	0.320
-15.0	0.542
-20.0	0.453
-25.0	0.445
-30.0	0.433
-35.0	0.430
-40.0	0.424
-45.0	0.425
-50.0	0.423
-55.0	0.445
-60.0	0.477
-65.0	0.497
-70.0	0.364
-75.0	0.381
-80.0	0.330
-85.0	0.345
-90.0	0.380
-95.0	0.421
-100.0	0.458
-12000	0.458
2011-02-15 00:00:00	22	2
-0.0	0.441
-5.0	0.326
-10.0	0.299
-15.0	0.318
-20.0	0.301
-25.0	0.303
-30.0	0.304
-35.0	0.301
-40.0	0.297
-45.0	0.298
-50.0	0.289
-55.0	0.283
-60.0	0.273
-65.0	0.247
-70.0	0.219
-75.0	0.224
-80.0	0.277
-85.0	0.164
-90.0	0.280
-95.0	0.255
-100.0	0.271
-12000	0.271
2011-03-15 00:00:00	22	2
-0.0	0.469
-5.0	0.384
-10.0	0.345
-15.0	0.345
-20.0	0.321
-25.0	0.318
-30.0	0.329
-35.0	0.322
-40.0	0.310
-45.0	0.317
-50.0	0.297
-55.0	0.303
-60.0	0.339
-65.0	0.315
-70.0	0.296
-75.0	0.308
-80.0	0.265
-85.0	0.251
-90.0	0.285
-95.0	0.226
-100.0	0.253
-12000	0.253
2011-04-15 00:00:00	22	2
-0.0	0.295
-5.0	0.288
-10.0	0.283
-15.0	0.283
-20.0	0.291
-25.0	0.293
-30.0	0.282
-35.0	0.281
-40.0	0.294
-45.0	0.289
-50.0	0.267
-55.0	0.272
-60.0	0.271
-65.0	0.274
-70.0	0.284
-75.0	0.319
-80.0	0.316
-85.0	0.300
-90.0	0.408
-95.0	0.377
-100.0	0.357
-12000	0.357
2011-05-15 00:00:00	22	2
-0.0	0.298
-5.0	0.252
-10.0	0.215
-15.0	0.268
-20.0	0.280
-25.0	0.290
-30.0	0.284
-35.0	0.284
-40.0	0.296
-45.0	0.280
-50.0	0.283
-55.0	0.289
-60.0	0.300
-65.0	0.344
-70.0	0.337
-75.0	0.367
-80.0	0.368
-85.0	0.362
-90.0	0.431
-95.0	0.392
-100.0	0.420
-12000	0.420
2011-06-15 00:00:00	22	2
-0.0	0.099
-5.0	0.104
-10.0	0.104
-15.0	0.127
-20.0	0.141
-25.0	0.166
-30.0	0.189
-35.0	0.230
-40.0	0.258
-45.0	0.252
-50.0	0.276
-55.0	0.290
-60.0	0.288
-65.0	0.313
-70.0	0.299
-75.0	0.379
-80.0	0.366
-85.0	0.314
-90.0	0.408
-95.0	0.372
-100.0	0.415
-12000	0.415
2011-07-15 00:00:00	22	2
-0.0	0.136
-5.0	0.118
-10.0	0.103
-15.0	0.134
-20.0	0.131
-25.0	0.168
-30.0	0.189
-35.0	0.216
-40.0	0.237
-45.0	0.252
-50.0	0.232
-55.0	0.244
-60.0	0.253
-65.0	0.263
-70.0	0.257
-75.0	0.341
-80.0	0.301
-85.0	0.427
-90.0	0.533
-95.0	0.560
-100.0	0.455
-12000	0.455
2011-08-15 00:00:00	22	2
-0.0	0.071
-5.0	0.053
-10.0	0.055
-15.0	0.061
-20.0	0.078
-25.0	0.114
-30.0	0.144
-35.0	0.162
-40.0	0.178
-45.0	0.213
-50.0	0.220
-55.0	0.219
-60.0	0.221
-65.0	0.213
-70.0	0.177
-75.0	0.228
-80.0	0.217
-85.0	0.262
-90.0	0.306
-95.0	0.526
-100.0	0.452
-12000	0.452
2011-09-15 00:00:00	22	2
-0.0	0.035
-5.0	0.123
-10.0	0.087
-15.0	0.102
-20.0	0.109
-25.0	0.115
-30.0	0.133
-35.0	0.136
-40.0	0.146
-45.0	0.165
-50.0	0.174
-55.0	0.199
-60.0	0.210
-65.0	0.277
-70.0	0.216
-75.0	0.368
-80.0	0.283
-85.0	0.392
-90.0	0.397
-95.0	0.526
-100.0	0.419
-12000	0.419
2011-10-15 00:00:00	22	2
-0.0	0.183
-5.0	0.241
-10.0	0.298
-15.0	0.367
-20.0	0.368
-25.0	0.336
-30.0	0.361
-35.0	0.380
-40.0	0.397
-45.0	0.461
-50.0	0.500
-55.0	0.434
-60.0	0.466
-65.0	0.494
-70.0	0.518
-75.0	0.569
-80.0	0.570
-85.0	0.546
-90.0	0.673
-95.0	0.693
-100.0	0.709
-12000	0.709
2011-11-15 00:00:00	22	2
-0.0	0.341
-5.0	0.353
-10.0	0.351
-15.0	0.343
-20.0	0.335
-25.0	0.337
-30.0	0.350
-35.0	0.340
-40.0	0.343
-45.0	0.347
-50.0	0.349
-55.0	0.347
-60.0	0.355
-65.0	0.339
-70.0	0.301
-75.0	0.318
-80.0	0.319
-85.0	0.363
-90.0	1.088
-95.0	1.192
-100.0	1.305
-12000	1.305
2011-12-15 00:00:00	22	2
-0.0	0.368
-5.0	0.380
-10.0	0.388
-15.0	0.394
-20.0	0.395
-25.0	0.394
-30.0	0.427
-35.0	0.430
-40.0	0.435
-45.0	0.438
-50.0	0.444
-55.0	0.437
-60.0	0.441
-65.0	0.443
-70.0	0.299
-75.0	0.284
-80.0	0.287
-85.0	0.327
-90.0	0.673
-95.0	0.729
-100.0	0.776
-12000	0.776
2012-01-15 00:00:00	22	2
-0.0	0.522
-5.0	0.494
-10.0	0.320
-15.0	0.542
-20.0	0.453
-25.0	0.445
-30.0	0.433
-35.0	0.430
-40.0	0.424
-45.0	0.425
-50.0	0.423
-55.0	0.445
-60.0	0.477
-65.0	0.497
-70.0	0.364
-75.0	0.381
-80.0	0.330
-85.0	0.345
-90.0	0.380
-95.0	0.421
-100.0	0.458
-12000	0.458
2012-02-15 00:00:00	22	2
-0.0	0.441
-5.0	0.326
-10.0	0.299
-15.0	0.318
-20.0	0.301
-25.0	0.303
-30.0	0.304
-35.0	0.301
-40.0	0.297
-45.0	0.298
-50.0	0.289
-55.0	0.283
-60.0	0.273
-65.0	0.247
-70.0	0.219
-75.0	0.224
-80.0	0.277
-85.0	0.164
-90.0	0.280
-95.0	0.255
-100.0	0.271
-12000	0.271
2012-03-15 00:00:00	22	2
-0.0	0.469
-5.0	0.384
-10.0	0.345
-15.0	0.345
-20.0	0.321
-25.0	0.318
-30.0	0.329
-35.0	0.322
-40.0	0.310
-45.0	0.317
-50.0	0.297
-55.0	0.303
-60.0	0.339
-65.0	0.315
-70.0	0.296
-75.0	0.308
-80.0	0.265
-85.0	0.251
-90.0	0.285
-95.0	0.226
-100.0	0.253
-12000	0.253
2012-04-15 00:00:00	22	2
-0.0	0.295
-5.0	0.288
-10.0	0.283
-15.0	0.283
-20.0	0.291
-25.0	0.293
-30.0	0.282
-35.0	0.281
-40.0	0.294
-45.0	0.289
-50.0	0.267
-55.0	0.272
-60.0	0.271
-65.0	0.274
-70.0	0.284
-75.0	0.319
-80.0	0.316
-85.0	0.300
-90.0	0.408
-95.0	0.377
-100.0	0.357
-12000	0.357
2012-05-15 00:00:00	22	2
-0.0	0.298
-5.0	0.252
-10.0	0.215
-15.0	0.268
-20.0	0.280
-25.0	0.290
-30.0	0.284
-35.0	0.284
-40.0	0.296
-45.0	0.280
-50.0	0.283
-55.0	0.289
-60.0	0.300
-65.0	0.344
-70.0	0.337
-75.0	0.367
-80.0	0.368
-85.0	0.362
-90.0	0.431
-95.0	0.392
-100.0	0.420
-12000	0.420
2012-06-15 00:00:00	22	2
-0.0	0.099
-5.0	0.104
-10.0	0.104
-15.0	0.127
-20.0	0.141
-25.0	0.166
-30.0	0.189
-35.0	0.230
-40.0	0.258
-45.0	0.252
-50.0	0.276
-55.0	0.290
-60.0	0.288
-65.0	0.313
-70.0	0.299
-75.0	0.379
-80.0	0.366
-85.0	0.314
-90.0	0.408
-95.0	0.372
-100.0	0.415
-12000	0.415
2012-07-15 00:00:00	22	2
-0.0	0.136
-5.0	0.118
-10.0	0.103
-15.0	0.134
-20.0	0.131
-25.0	0.168
-30.0	0.189
-35.0	0.216
-40.0	0.237
-45.0	0.252
-50.0	0.232
-55.0	0.244
-60.0	0.253
-65.0	0.263
-70.0	0.257
-75.0	0.341
-80.0	0.301
-85.0	0.427
-90.0	0.533
-95.0	0.560
-100.0	0.455
-12000	0.455
2012-08-15 00:00:00	22	2
-0.0	0.071
-5.0	0.053
-10.0	0.055
-15.0	0.061
-20.0	0.078
-25.0	0.114
-30.0	0.144
-35.0	0.162
-40.0	0.178
-45.0	0.213
-50.0	0.220
-55.0	0.219
-60.0	0.221
-65.0	0.213
-70.0	0.177
-75.0	0.228
-80.0	0.217
-85.0	0.262
-90.0	0.306
-95.0	0.526
-100.0	0.452
-12000	0.452
2012-09-15 00:00:00	22	2
-0.0	0.035
-5.0	0.123
-10.0	0.087
-15.0	0.102
-20.0	0.109
-25.0	0.115
-30.0	0.133
-35.0	0.136
-40.0	0.146
-45.0	0.165
-50.0	0.174
-55.0	0.199
-60.0	0.210
-65.0	0.277
-70.0	0.216
-75.0	0.368
-80.0	0.283
-85.0	0.392
-90.0	0.397
-95.0	0.526
-100.0	0.419
-12000	0.419
2012-10-15 00:00:00	22	2
-0.0	0.183
-5.0	0.241
-10.0	0.298
-15.0	0.367
-20.0	0.368
-25.0	0.336
-30.0	0.361
-35.0	0.380
-40.0	0.397
-45.0	0.461
-50.0	0.500
-55.0	0.434
-60.0	0.466
-65.0	0.494
-70.0	0.518
-75.0	0.569
-80.0	0.570
-85.0	0.546
-90.0	0.673
-95.0	0.693
-100.0	0.709
-12000	0.709
2012-11-15 00:00:00	22	2
-0.0	0.341
-5.0	0.353
-10.0	0.351
-15.0	0.343
-20.0	0.335
-25.0	0.337
-30.0	0.350
-35.0	0.340
-40.0	0.343
-45.0	0.347
-50.0	0.349
-55.0	0.347
-60.0	0.355
-65.0	0.339
-70.0	0.301
-75.0	0.318
-80.0	0.319
-85.0	0.363
-90.0	1.088
-95.0	1.192
-100.0	1.305
-12000	1.305
2012-12-15 00:00:00	22	2
-0.0	0.368
-5.0	0.380
-10.0	0.388
-15.0	0.394
-20.0	0.395
-25.0	0.394
-30.0	0.427
-35.0	0.430
-40.0	0.435
-45.0	0.438
-50.0	0.444
-55.0	0.437
-60.0	0.441
-65.0	0.443
-70.0	0.299
-75.0	0.284
-80.0	0.287
-85.0	0.327
-90.0	0.673
-95.0	0.729
-100.0	0.776
-12000	0.776
2013-01-15 00:00:00	22	2
-0.0	0.522
-5.0	0.494
-10.0	0.320
-15.0	0.542
-20.0	0.453
-25.0	0.445
-30.0	0.433
-35.0	0.430
-40.0	0.424
-45.0	0.425
-50.0	0.423
-55.0	0.445
-60.0	0.477
-65.0	0.497
-70.0	0.364
-75.0	0.381
-80.0	0.330
-85.0	0.345
-90.0	0.380
-95.0	0.421
-100.0	0.458
-12000	0.458
2013-02-15 00:00:00	22	2
-0.0	0.441
-5.0	0.326
-10.0	0.299
-15.0	0.318
-20.0	0.301
-25.0	0.303
-30.0	0.304
-35.0	0.301
-40.0	0.297
-45.0	0.298
-50.0	0.289
-55.0	0.283
-60.0	0.273
-65.0	0.247
-70.0	0.219
-75.0	0.224
-80.0	0.277
-85.0	0.164
-90.0	0.280
-95.0	0.255
-100.0	0.271
-12000	0.271
2013-03-15 00:00:00	22	2
-0.0	0.469
-5.0	0.384
-10.0	0.345
-15.0	0.345
-20.0	0.321
-25.0	0.318
-30.0	0.329
-35.0	0.322
-40.0	0.310
-45.0	0.317
-50.0	0.297
-55.0	0.303
-60.0	0.339
-65.0	0.315
-70.0	0.296
-75.0	0.308
-80.0	0.265
-85.0	0.251
-90.0	0.285
-95.0	0.226
-100.0	0.253
-12000	0.253
2013-04-15 00:00:00	22	2
-0.0	0.295
-5.0	0.288
-10.0	0.283
-15.0	0.283
-20.0	0.291
-25.0	0.293
-30.0	0.282
-35.0	0.281
-40.0	0.294
-45.0	0.289
-50.0	0.267
-55.0	0.272
-60.0	0.271
-65.0	0.274
-70.0	0.284
-75.0	0.319
-80.0	0.316
-85.0	0.300
-90.0	0.408
-95.0	0.377
-100.0	0.357
-12000	0.357
2013-05-15 00:00:00	22	2
-0.0	0.298
-5.0	0.252
-10.0	0.215
-15.0	0.268
-20.0	0.280
-25.0	0.290
-30.0	0.284
-35.0	0.284
-40.0	0.296
-45.0	0.280
-50.0	0.283
-55.0	0.289
-60.0	0.300
-65.0	0.344
-70.0	0.337
-75.0	0.367
-80.0	0.368
-85.0	0.362
-90.0	0.431
-95.0	0.392
-100.0	0.420
-12000	0.420
2013-06-15 00:00:00	22	2
-0.0	0.099
-5.0	0.104
-10.0	0.104
-15.0	0.127
-20.0	0.141
-25.0	0.166
-30.0	0.189
-35.0	0.230
-40.0	0.258
-45.0	0.252
-50.0	0.276
-55.0	0.290
-60.0	0.288
-65.0	0.313
-70.0	0.299
-75.0	0.379
-80.0	0.366
-85.0	0.314
-90.0	0.408
-95.0	0.372
-100.0	0.415
-12000	0.415
2013-07-15 00:00:00	22	2
-0.0	0.136
-5.0	0.118
-10.0	0.103
-15.0	0.134
-20.0	0.131
-25.0	0.168
-30.0	0.189
-35.0	0.216
-40.0	0.237
-45.0	0.252
-50.0	0.232
-55.0	0.244
-60.0	0.253
-65.0	0.263
-70.0	0.257
-75.0	0.341
-80.0	0.301
-85.0	0.427
-90.0	0.533
-95.0	0.560
-100.0	0.455
-12000	0.455
2013-08-15 00:00:00	22	2
-0.0	0.071
-5.0	0.053
-10.0	0.055
-15.0	0.061
-20.0	0.078
-25.0	0.114
-30.0	0.144
-35.0	0.162
-40.0	0.178
-45.0	0.213
-50.0	0.220
-55.0	0.219
-60.0	0.221
-65.0	0.213
-70.0	0.177
-75.0	0.228
-80.0	0.217
-85.0	0.262
-90.0	0.306
-95.0	0.526
-100.0	0.452
-12000	0.452
2013-09-15 00:00:00	22	2
-0.0	0.035
-5.0	0.123
-10.0	0.087
-15.0	0.102
-20.0	0.109
-25.0	0.115
-30.0	0.133
-35.0	0.136
-40.0	0.146
-45.0	0.165
-50.0	0.174
-55.0	0.199
-60.0	0.210
-65.0	0.277
-70.0	0.216
-75.0	0.368
-80.0	0.283
-85.0	0.392
-90.0	0.397
-95.0	0.526
-100.0	0.419
-12000	0.419
2013-10-15 00:00:00	22	2
-0.0	0.183
-5.0	0.241
-10.0	0.298
-15.0	0.367
-20.0	0.368
-25.0	0.336
-30.0	0.361
-35.0	0.380
-40.0	0.397
-45.0	0.461
-50.0	0.500
-55.0	0.434
-60.0	0.466
-65.0	0.494
-70.0	0.518
-75.0	0.569
-80.0	0.570
-85.0	0.546
-90.0	0.673
-95.0	0.693
-100.0	0.709
-12000	0.709
2013-11-15 00:00:00	22	2
-0.0	0.341
-5.0	0.353
-10.0	0.351
-15.0	0.343
-20.0	0.335
-25.0	0.337
-30.0	0.350
-35.0	0.340
-40.0	0.343
-45.0	0.347
-50.0	0.349
-55.0	0.347
-60.0	0.355
-65.0	0.339
-70.0	0.301
-75.0	0.318
-80.0	0.319
-85.0	0.363
-90.0	1.088
-95.0	1.192
-100.0	1.305
-12000	1.305
2013-12-15 00:00:00	22	2
-0.0	0.368
-5.0	0.380
-10.0	0.388
-15.0	0.394
-20.0	0.395
-25.0	0.394
-30.0	0.427
-35.0	0.430
-40.0	0.435
-45.0	0.438
-50.0	0.444
-55.0	0.437
-60.0	0.441
-65.0	0.443
-70.0	0.299
-75.0	0.284
-80.0	0.287
-85.0	0.327
-90.0	0.673
-95.0	0.729
-100.0	0.776
-12000	0.776
2014-01-15 00:00:00	22	2
-0.0	0.522
-5.0	0.494
-10.0	0.320
-15.0	0.542
-20.0	0.453
-25.0	0.445
-30.0	0.433
-35.0	0.430
-40.0	0.424
-45.0	0.425
-50.0	0.423
-55.0	0.445
-60.0	0.477
-65.0	0.497
-70.0	0.364
-75.0	0.381
-80.0	0.330
-85.0	0.345
-90.0	0.380
-95.0	0.421
-100.0	0.458
-12000	0.458
2014-02-15 00:00:00	22	2
-0.0	0.441
-5.0	0.326
-10.0	0.299
-15.0	0.318
-20.0	0.301
-25.0	0.303
-30.0	0.304
-35.0	0.301
-40.0	0.297
-45.0	0.298
-50.0	0.289
-55.0	0.283
-60.0	0.273
-65.0	0.247
-70.0	0.219
-75.0	0.224
-80.0	0.277
-85.0	0.164
-90.0	0.280
-95.0	0.255
-100.0	0.271
-12000	0.271
2014-03-15 00:00:00	22	2
-0.0	0.469
-5.0	0.384
-10.0	0.345
-15.0	0.345
-20.0	0.321
-25.0	0.318
-30.0	0.329
-35.0	0.322
-40.0	0.310
-45.0	0.317
-50.0	0.297
-55.0	0.303
-60.0	0.339
-65.0	0.315
-70.0	0.296
-75.0	0.308
-80.0	0.265
-85.0	0.251
-90.0	0.285
-95.0	0.226
-100.0	0.253
-12000	0.253
2014-04-15 00:00:00	22	2
-0.0	0.295
-5.0	0.288
-10.0	0.283
-15.0	0.283
-20.0	0.291
-25.0	0.293
-30.0	0.282
-35.0	0.281
-40.0	0.294
-45.0	0.289
-50.0	0.267
-55.0	0.272
-60.0	0.271
-65.0	0.274
-70.0	0.284
-75.0	0.319
-80.0	0.316
-85.0	0.300
-90.0	0.408
-95.0	0.377
-100.0	0.357
-12000	0.357
2014-05-15 00:00:00	22	2
-0.0	0.298
-5.0	0.252
-10.0	0.215
-15.0	0.268
-20.0	0.280
-25.0	0.290
-30.0	0.284
-35.0	0.284
-40.0	0.296
-45.0	0.280
-50.0	0.283
-55.0	0.289
-60.0	0.300
-65.0	0.344
-70.0	0.337
-75.0	0.367
-80.0	0.368
-85.0	0.362
-90.0	0.431
-95.0	0.392
-100.0	0.420
-12000	0.420
2014-06-15 00:00:00	22	2
-0.0	0.099
-5.0	0.104
-10.0	0.104
-15.0	0.127
-20.0	0.141
-25.0	0.166
-30.0	0.189
-35.0	0.230
-40.0	0.258
-45.0	0.252
-50.0	0.276
-55.0	0.290
-60.0	0.288
-65.0	0.313
-70.0	0.299
-75.0	0.379
-80.0	0.366
-85.0	0.314
-90.0	0.408
-95.0	0.372
-100.0	0.415
-12000	0.415
2014-07-15 00:00:00	22	2
-0.0	0.136
-5.0	0.118
-10.0	0.103
-15.0	0.134
-20.0	0.131
-25.0	0.168
-30.0	0.189
-35.0	0.216
-40.0	0.237
-45.0	0.252
-50.0	0.232
-55.0	0.244
-60.0	0.253
-65.0	0.263
-70.0	0.257
-75.0	0.341
-80.0	0.301
-85.0	0.427
-90.0	0.533
-95.0	0.560
-100.0	0.455
-12000	0.455
2014-08-15 00:00:00	22	2
-0.0	0.071
-5.0	0.053
-10.0	0.055
-15.0	0.061
-20.0	0.078
-25.0	0.114
-30.0	0.144
-35.0	0.162
-40.0	0.178
-45.0	0.213
-50.0	0.220
-55.0	0.219
-60.0	0.221
-65.0	0.213
-70.0	0.177
-75.0	0.228
-80.0	0.217
-85.0	0.262
-90.0	0.306
-95.0	0.526
-100.0	0.452
-12000	0.452
2014-09-15 00:00:00	22	2
-0.0	0.035
-5.0	0.123
-10.0	0.087
-15.0	0.102
-20.0	0.109
-25.0	0.115
-30.0	0.133
-35.0	0.136
-40.0	0.146
-45.0	0.165
-50.0	0.174
-55.0	0.199
-60.0	0.210
-65.0	0.277
-70.0	0.216
-75.0	0.368
-80.0	0.283
-85.0	0.392
-90.0	0.397
-95.0	0.526
-100.0	0.419
-12000	0.419
2014-10-15 00:00:00	22	2
-0.0	0.183
-5.0	0.241
-10.0	0.298
-15.0	0.367
-20.0	0.368
-25.0	0.336
-30.0	0.361
-35.0	0.380
-40.0	0.397
-45.0	0.461
-50.0	0.500
-55.0	0.434
-60.0	0.466
-65.0	0.494
-70.0	0.518
-75.0	0.569
-80.0	0.570
-85.0	0.546
-90.0	0.673
-95.0	0.693
-100.0	0.709
-12000	0.709
2014-11-15 00:00:00	22	2
-0.0	0.341
-5.0	0.353
-10.0	0.351
-15.0	0.343
-20.0	0.335
-25.0	0.337
-30.0	0.350
-35.0	0.340
-40.0	0.343
-45.0	0.347
-50.0	0.349
-55.0	0.347
-60.0	0.355
-65.0	0.339
-70.0	0.301
-75.0	0.318
-80.0	0.319
-85.0	0.363
-90.0	1.088
-95.0	1.192
-100.0	1.305
-12000	1.305
2014-12-15 00:00:00	22	2
-0.0	0.368
-5.0	0.380
-10.0	0.388
-15.0	0.394
-20.0	0.395
-25.0	0.394
-30.0	0.427
-35.0	0.430
-40.0	0.435
-45.0	0.438
-50.0	0.444
-55.0	0.437
-60.0	0.441
-65.0	0.443
-70.0	0.299
-75.0	0.284
-80.0	0.287
-85.0	0.327
-90.0	0.673
-95.0	0.729
-100.0	0.776
-12000	0.776
2015-01-15 00:00:00	22	2
-0.0	0.522
-5.0	0.494
-10.0	0.320
-15.0	0.542
-20.0	0.453
-25.0	0.445
-30.0	0.433
-35.0	0.430
-40.0	0.424
-45.0	0.425
-50.0	0.423
-55.0	0.445
-60.0	0.477
-65.0	0.497
-70.0	0.364
-75.0	0.381
-80.0	0.330
-85.0	0.345
-90.0	0.380
-95.0	0.421
-100.0	0.458
-12000	0.458
2015-02-15 00:00:00	22	2
-0.0	0.441
-5.0	0.326
-10.0	0.299
-15.0	0.318
-20.0	0.301
-25.0	0.303
-30.0	0.304
-35.0	0.301
-40.0	0.297
-45.0	0.298
-50.0	0.289
-55.0	0.283
-60.0	0.273
-65.0	0.247
-70.0	0.219
-75.0	0.224
-80.0	0.277
-85.0	0.164
-90.0	0.280
-95.0	0.255
-100.0	0.271
-12000	0.271
2015-03-15 00:00:00	22	2
-0.0	0.469
-5.0	0.384
-10.0	0.345
-15.0	0.345
-20.0	0.321
-25.0	0.318
-30.0	0.329
-35.0	0.322
-40.0	0.310
-45.0	0.317
-50.0	0.297
-55.0	0.303
-60.0	0.339
-65.0	0.315
-70.0	0.296
-75.0	0.308
-80.0	0.265
-85.0	0.251
-90.0	0.285
-95.0	0.226
-100.0	0.253
-12000	0.253
2015-04-15 00:00:00	22	2
-0.0	0.295
-5.0	0.288
-10.0	0.283
-15.0	0.283
-20.0	0.291
-25.0	0.293
-30.0	0.282
-35.0	0.281
-40.0	0.294
-45.0	0.289
-50.0	0.267
-55.0	0.272
-60.0	0.271
-65.0	0.274
-70.0	0.284
-75.0	0.319
-80.0	0.316
-85.0	0.300
-90.0	0.408
-95.0	0.377
-100.0	0.357
-12000	0.357
2015-05-15 00:00:00	22	2
-0.0	0.298
-5.0	0.252
-10.0	0.215
-15.0	0.268
-20.0	0.280
-25.0	0.290
-30.0	0.284
-35.0	0.284
-40.0	0.296
-45.0	0.280
-50.0	0.283
-55.0	0.289
-60.0	0.300
-65.0	0.344
-70.0	0.337
-75.0	0.367
-80.0	0.368
-85.0	0.362
-90.0	0.431
-95.0	0.392
-100.0	0.420
-12000	0.420
2015-06-15 00:00:00	22	2
-0.0	0.099
-5.0	0.104
-10.0	0.104
-15.0	0.127
-20.0	0.141
-25.0	0.166
-30.0	0.189
-35.0	0.230
-40.0	0.258
-45.0	0.252
-50.0	0.276
-55.0	0.290
-60.0	0.288
-65.0	0.313
-70.0	0.299
-75.0	0.379
-80.0	0.366
-85.0	0.314
-90.0	0.408
-95.0	0.372
-100.0	0.415
-12000	0.415
2015-07-15 00:00:00	22	2
-0.0	0.136
-5.0	0.118
-10.0	0.103
-15.0	0.134
-20.0	0.131
-25.0	0.168
-30.0	0.189
-35.0	0.216
-40.0	0.237
-45.0	0.252
-50.0	0.232
-55.0	0.244
-60.0	0.253
-65.0	0.263
-70.0	0.257
-75.0	0.341
-80.0	0.301
-85.0	0.427
-90.0	0.533
-95.0	0.560
-100.0	0.455
-12000	0.455
2015-08-15 00:00:00	22	2
-0.0	0.071
-5.0	0.053
-10.0	0.055
-15.0	0.061
-20.0	0.078
-25.0	0.114
-30.0	0.144
-35.0	0.162
-40.0	0.178
-45.0	0.213
-50.0	0.220
-55.0	0.219
-60.0	0.221
-65.0	0.213
-70.0	0.177
-75.0	0.228
-80.0	0.217
-85.0	0.262
-90.0	0.306
-95.0	0.526
-100.0	0.452
-12000	0.452
2015-09-15 00:00:00	22	2
-0.0	0.035
-5.0	0.123
-10.0	0.087
-15.0	0.102
-20.0	0.109
-25.0	0.115
-30.0	0.133
-35.0	0.136
-40.0	0.146
-45.0	0.165
-50.0	0.174
-55.0	0.199
-60.0	0.210
-65.0	0.277
-70.0	0.216
-75.0	0.368
-80.0	0.283
-85.0	0.392
-90.0	0.397
-95.0	0.526
-100.0	0.419
-12000	0.419
2015-10-15 00:00:00	22	2
-0.0	0.183
-5.0	0.241
-10.0	0.298
-15.0	0.367
-20.0	0.368
-25.0	0.336
-30.0	0.361
-35.0	0.380
-40.0	0.397
-45.0	0.461
-50.0	0.500
-55.0	0.434
-60.0	0.466
-65.0	0.494
-70.0	0.518
-75.0	0.569
-80.0	0.570
-85.0	0.546
-90.0	0.673
-95.0	0.693
-100.0	0.709
-12000	0.709
2015-11-15 00:00:00	22	2
-0.0	0.341
-5.0	0.353
-10.0	0.351
-15.0	0.343
-20.0	0.335
-25.0	0.337
-30.0	0.350
-35.0	0.340
-40.0	0.343
-45.0	0.347
-50.0	0.349
-55.0	0.347
-60.0	0.355
-65.0	0.339
-70.0	0.301
-75.0	0.318
-80.0	0.319
-85.0	0.363
-90.0	1.088
-95.0	1.192
-100.0	1.305
-12000	1.305
2015-12-15 00:00:00	22	2
-0.0	0.368
-5.0	0.380
-10.0	0.388
-15.0	0.394
-20.0	0.395
-25.0	0.394
-30.0	0.427
-35.0	0.430
-40.0	0.435
-45.0	0.438
-50.0	0.444
-55.0	0.437
-60.0	0.441
-65.0	0.443
-70.0	0.299
-75.0	0.284
-80.0	0.287
-85.0	0.327
-90.0	0.673
-95.0	0.729
-100.0	0.776
-12000	0.776
2016-01-15 00:00:00	22	2
-0.0	0.522
-5.0	0.494
-10.0	0.320
-15.0	0.542
-20.0	0.453
-25.0	0.445
-30.0	0.433
-35.0	0.430
-40.0	0.424
-45.0	0.425
-50.0	0.423
-55.0	0.445
-60.0	0.477
-65.0	0.497
-70.0	0.364
-75.0	0.381
-80.0	0.330
-85.0	0.345
-90.0	0.380
-95.0	0.421
-100.0	0.458
-12000	0.458
2016-02-15 00:00:00	22	2
-0.0	0.441
-5.0	0.326
-10.0	0.299
-15.0	0.318
-20.0	0.301
-25.0	0.303
-30.0	0.304
-35.0	0.301
-40.0	0.297
-45.0	0.298
-50.0	0.289
-55.0	0.283
-60.0	0.273
-65.0	0.247
-70.0	0.219
-75.0	0.224
-80.0	0.277
-85.0	0.164
-90.0	0.280
-95.0	0.255
-100.0	0.271
-12000	0.271
2016-03-15 00:00:00	22	2
-0.0	0.469
-5.0	0.384
-10.0	0.345
-15.0	0.345
-20.0	0.321
-25.0	0.318
-30.0	0.329
-35.0	0.322
-40.0	0.310
-45.0	0.317
-50.0	0.297
-55.0	0.303
-60.0	0.339
-65.0	0.315
-70.0	0.296
-75.0	0.308
-80.0	0.265
-85.0	0.251
-90.0	0.285
-95.0	0.226
-100.0	0.253
-12000	0.253
2016-04-15 00:00:00	22	2
-0.0	0.295
-5.0	0.288
-10.0	0.283
-15.0	0.283
-20.0	0.291
-25.0	0.293
-30.0	0.282
-35.0	0.281
-40.0	0.294
-45.0	0.289
-50.0	0.267
-55.0	0.272
-60.0	0.271
-65.0	0.274
-70.0	0.284
-75.0	0.319
-80.0	0.316
-85.0	0.300
-90.0	0.408
-95.0	0.377
-100.0	0.357
-12000	0.357
2016-05-15 00:00:00	22	2
-0.0	0.298
-5.0	0.252
-10.0	0.215
-15.0	0.268
-20.0	0.280
-25.0	0.290
-30.0	0.284
-35.0	0.284
-40.0	0.296
-45.0	0.280
-50.0	0.283
-55.0	0.289
-60.0	0.300
-65.0	0.344
-70.0	0.337
-75.0	0.367
-80.0	0.368
-85.0	0.362
-90.0	0.431
-95.0	0.392
-100.0	0.420
-12000	0.420
2016-06-15 00:00:00	22	2
-0.0	0.099
-5.0	0.104
-10.0	0.104
-15.0	0.127
-20.0	0.141
-25.0	0.166
-30.0	0.189
-35.0	0.230
-40.0	0.258
-45.0	0.252
-50.0	0.276
-55.0	0.290
-60.0	0.288
-65.0	0.313
-70.0	0.299
-75.0	0.379
-80.0	0.366
-85.0	0.314
-90.0	0.408
-95.0	0.372
-100.0	0.415
-12000	0.415
2016-07-15 00:00:00	22	2
-0.0	0.136
-5.0	0.118
-10.0	0.103
-15.0	0.134
-20.0	0.131
-25.0	0.168
-30.0	0.189
-35.0	0.216
-40.0	0.237
-45.0	0.252
-50.0	0.232
-55.0	0.244
-60.0	0.253
-65.0	0.263
-70.0	0.257
-75.0	0.341
-80.0	0.301
-85.0	0.427
-90.0	0.533
-95.0	0.560
-100.0	0.455
-12000	0.455
2016-08-15 00:00:00	22	2
-0.0	0.071
-5.0	0.053
-10.0	0.055
-15.0	0.061
-20.0	0.078
-25.0	0.114
-30.0	0.144
-35.0	0.162
-40.0	0.178
-45.0	0.213
-50.0	0.220
-55.0	0.219
-60.0	0.221
-65.0	0.213
-70.0	0.177
-75.0	0.228
-80.0	0.217
-85.0	0.262
-90.0	0.306
-95.0	0.526
-100.0	0.452
-12000	0.452
2016-09-15 00:00:00	22	2
-0.0	0.035
-5.0	0.123
-10.0	0.087
-15.0	0.102
-20.0	0.109
-25.0	0.115
-30.0	0.133
-35.0	0.136
-40.0	0.146
-45.0	0.165
-50.0	0.174
-55.0	0.199
-60.0	0.210
-65.0	0.277
-70.0	0.216
-75.0	0.368
-80.0	0.283
-85.0	0.392
-90.0	0.397
-95.0	0.526
-100.0	0.419
-12000	0.419
2016-10-15 00:00:00	22	2
-0.0	0.183
-5.0	0.241
-10.0	0.298
-15.0	0.367
-20.0	0.368
-25.0	0.336
-30.0	0.361
-35.0	0.380
-40.0	0.397
-45.0	0.461
-50.0	0.500
-55.0	0.434
-60.0	0.466
-65.0	0.494
-70.0	0.518
-75.0	0.569
-80.0	0.570
-85.0	0.546
-90.0	0.673
-95.0	0.693
-100.0	0.709
-12000	0.709
2016-11-15 00:00:00	22	2
-0.0	0.341
-5.0	0.353
-10.0	0.351
-15.0	0.343
-20.0	0.335
-25.0	0.337
-30.0	0.350
-35.0	0.340
-40.0	0.343
-45.0	0.347
-50.0	0.349
-55.0	0.347
-60.0	0.355
-65.0	0.339
-70.0	0.301
-75.0	0.318
-80.0	0.319
-85.0	0.363
-90.0	1.088
-95.0	1.192
-100.0	1.305
-12000	1.305
2016-12-15 00:00:00	22	2
-0.0	0.368
-5.0	0.380
-10.0	0.388
-15.0	0.394
-20.0	0.395
-25.0	0.394
-30.0	0.427
-35.0	0.430
-40.0	0.435
-45.0	0.438
-50.0	0.444
-55.0	0.437
-60.0	0.441
-65.0	0.443
-70.0	0.299
-75.0	0.284
-80.0	0.287
-85.0	0.327
-90.0	0.673
-95.0	0.729
-100.0	0.776
-12000	0.776
2017-01-15 00:00:00	22	2
-0.0	0.522
-5.0	0.494
-10.0	0.320
-15.0	0.542
-20.0	0.453
-25.0	0.445
-30.0	0.433
-35.0	0.430
-40.0	0.424
-45.0	0.425
-50.0	0.423
-55.0	0.445
-60.0	0.477
-65.0	0.497
-70.0	0.364
-75.0	0.381
-80.0	0.330
-85.0	0.345
-90.0	0.380
-95.0	0.421
-100.0	0.458
-12000	0.458
2017-02-15 00:00:00	22	2
-0.0	0.441
-5.0	0.326
-10.0	0.299
-15.0	0.318
-20.0	0.301
-25.0	0.303
-30.0	0.304
-35.0	0.301
-40.0	0.297
-45.0	0.298
-50.0	0.289
-55.0	0.283
-60.0	0.273
-65.0	0.247
-70.0	0.219
-75.0	0.224
-80.0	0.277
-85.0	0.164
-90.0	0.280
-95.0	0.255
-100.0	0.271
-12000	0.271
2017-03-15 00:00:00	22	2
-0.0	0.469
-5.0	0.384
-10.0	0.345
-15.0	0.345
-20.0	0.321
-25.0	0.318
-30.0	0.329
-35.0	0.322
-40.0	0.310
-45.0	0.317
-50.0	0.297
-55.0	0.303
-60.0	0.339
-65.0	0.315
-70.0	0.296
-75.0	0.308
-80.0	0.265
-85.0	0.251
-90.0	0.285
-95.0	0.226
-100.0	0.253
-12000	0.253
2017-04-15 00:00:00	22	2
-0.0	0.295
-5.0	0.288
-10.0	0.283
-15.0	0.283
-20.0	0.291
-25.0	0.293
-30.0	0.282
-35.0	0.281
-40.0	0.294
-45.0	0.289
-50.0	0.267
-55.0	0.272
-60.0	0.271
-65.0	0.274
-70.0	0.284
-75.0	0.319
-80.0	0.316
-85.0	0.300
-90.0	0.408
-95.0	0.377
-100.0	0.357
-12000	0.357
2017-05-15 00:00:00	22	2
-0.0	0.298
-5.0	0.252
-10.0	0.215
-15.0	0.268
-20.0	0.280
-25.0	0.290
-30.0	0.284
-35.0	0.284
-40.0	0.296
-45.0	0.280
-50.0	0.283
-55.0	0.289
-60.0	0.300
-65.0	0.344
-70.0	0.337
-75.0	0.367
-80.0	0.368
-85.0	0.362
-90.0	0.431
-95.0	0.392
-100.0	0.420
-12000	0.420
2017-06-15 00:00:00	22	2
-0.0	0.099
-5.0	0.104
-10.0	0.104
-15.0	0.127
-20.0	0.141
-25.0	0.166
-30.0	0.189
-35.0	0.230
-40.0	0.258
-45.0	0.252
-50.0	0.276
-55.0	0.290
-60.0	0.288
-65.0	0.313
-70.0	0.299
-75.0	0.379
-80.0	0.366
-85.0	0.314
-90.0	0.408
-95.0	0.372
-100.0	0.415
-12000	0.415
2017-07-15 00:00:00	22	2
-0.0	0.136
-5.0	0.118
-10.0	0.103
-15.0	0.134
-20.0	0.131
-25.0	0.168
-30.0	0.189
-35.0	0.216
-40.0	0.237
-45.0	0.252
-50.0	0.232
-55.0	0.244
-60.0	0.253
-65.0	0.263
-70.0	0.257
-75.0	0.341
-80.0	0.301
-85.0	0.427
-90.0	0.533
-95.0	0.560
-100.0	0.455
-12000	0.455
2017-08-15 00:00:00	22	2
-0.0	0.071
-5.0	0.053
-10.0	0.055
-15.0	0.061
-20.0	0.078
-25.0	0.114
-30.0	0.144
-35.0	0.162
-40.0	0.178
-45.0	0.213
-50.0	0.220
-55.0	0.219
-60.0	0.221
-65.0	0.213
-70.0	0.177
-75.0	0.228
-80.0	0.217
-85.0	0.262
-90.0	0.306
-95.0	0.526
-100.0	0.452
-12000	0.452
2017-09-15 00:00:00	22	2
-0.0	0.035
-5.0	0.123
-10.0	0.087
-15.0	0.102
-20.0	0.109
-25.0	0.115
-30.0	0.133
-35.0	0.136
-40.0	0.146
-45.0	0.165
-50.0	0.174
-55.0	0.199
-60.0	0.210
-65.0	0.277
-70.0	0.216
-75.0	0.368
-80.0	0.283
-85.0	0.392
-90.0	0.397
-95.0	0.526
-100.0	0.419
-12000	0.419
2017-10-15 00:00:00	22	2
-0.0	0.183
-5.0	0.241
-10.0	0.298
-15.0	0.367
-20.0	0.368
-25.0	0.336
-30.0	0.361
-35.0	0.380
-40.0	0.397
-45.0	0.461
-50.0	0.500
-55.0	0.434
-60.0	0.466
-65.0	0.494
-70.0	0.518
-75.0	0.569
-80.0	0.570
-85.0	0.546
-90.0	0.673
-95.0	0.693
-100.0	0.709
-12000	0.709
2017-11-15 00:00:00	22	2
-0.0	0.341
-5.0	0.353
-10.0	0.351
-15.0	0.343
-20.0	0.335
-25.0	0.337
-30.0	0.350
-35.0	0.340
-40.0	0.343
-45.0	0.347
-50.0	0.349
-55.0	0.347
-60.0	0.355
-65.0	0.339
-70.0	0.301
-75.0	0.318
-80.0	0.319
-85.0	0.363
-90.0	1.088
-95.0	1.192
-100.0	1.305
-12000	1.305
2017-12-15 00:00:00	22	2
-0.0	0.368
-5.0	0.380
-10.0	0.388
-15.0	0.394
-20.0	0.395
-25.0	0.394
-30.0	0.427
-35.0	0.430
-40.0	0.435
-45.0	0.438
-50.0	0.444
-55.0	0.437
-60.0	0.441
-65.0	0.443
-70.0	0.299
-75.0	0.284
-80.0	0.287
-85.0	0.327
-90.0	0.673
-95.0	0.729
-100.0	0.776
-12000	0.776
2018-01-15 00:00:00	22	2
-0.0	0.522
-5.0	0.494
-10.0	0.320
-15.0	0.542
-20.0	0.453
-25.0	0.445
-30.0	0.433
-35.0	0.430
-40.0	0.424
-45.0	0.425
-50.0	0.423
-55.0	0.445
-60.0	0.477
-65.0	0.497
-70.0	0.364
-75.0	0.381
-80.0	0.330
-85.0	0.345
-90.0	0.380
-95.0	0.421
-100.0	0.458
-12000	0.458
2018-02-15 00:00:00	22	2
-0.0	0.441
-5.0	0.326
-10.0	0.299
-15.0	0.318
-20.0	0.301
-25.0	0.303
-30.0	0.304
-35.0	0.301
-40.0	0.297
-45.0	0.298
-50.0	0.289
-55.0	0.283
-60.0	0.273
-65.0	0.247
-70.0	0.219
-75.0	0.224
-80.0	0.277
-85.0	0.164
-90.0	0.280
-95.0	0.255
-100.0	0.271
-12000	0.271
2018-03-15 00:00:00	22	2
-0.0	0.469
-5.0	0.384
-10.0	0.345
-15.0	0.345
-20.0	0.321
-25.0	0.318
-30.0	0.329
-35.0	0.322
-40.0	0.310
-45.0	0.317
-50.0	0.297
-55.0	0.303
-60.0	0.339
-65.0	0.315
-70.0	0.296
-75.0	0.308
-80.0	0.265
-85.0	0.251
-90.0	0.285
-95.0	0.226
-100.0	0.253
-12000	0.253
2018-04-15 00:00:00	22	2
-0.0	0.295
-5.0	0.288
-10.0	0.283
-15.0	0.283
-20.0	0.291
-25.0	0.293
-30.0	0.282
-35.0	0.281
-40.0	0.294
-45.0	0.289
-50.0	0.267
-55.0	0.272
-60.0	0.271
-65.0	0.274
-70.0	0.284
-75.0	0.319
-80.0	0.316
-85.0	0.300
-90.0	0.408
-95.0	0.377
-100.0	0.357
-12000	0.357
2018-05-15 00:00:00	22	2
-0.0	0.298
-5.0	0.252
-10.0	0.215
-15.0	0.268
-20.0	0.280
-25.0	0.290
-30.0	0.284
-35.0	0.284
-40.0	0.296
-45.0	0.280
-50.0	0.283
-55.0	0.289
-60.0	0.300
-65.0	0.344
-70.0	0.337
-75.0	0.367
-80.0	0.368
-85.0	0.362
-90.0	0.431
-95.0	0.392
-100.0	0.420
-12000	0.420
2018-06-15 00:00:00	22	2
-0.0	0.099
-5.0	0.104
-10.0	0.104
-15.0	0.127
-20.0	0.141
-25.0	0.166
-30.0	0.189
-35.0	0.230
-40.0	0.258
-45.0	0.252
-50.0	0.276
-55.0	0.290
-60.0	0.288
-65.0	0.313
-70.0	0.299
-75.0	0.379
-80.0	0.366
-85.0	0.314
-90.0	0.408
-95.0	0.372
-100.0	0.415
-12000	0.415
2018-07-15 00:00:00	22	2
-0.0	0.136
-5.0	0.118
-10.0	0.103
-15.0	0.134
-20.0	0.131
-25.0	0.168
-30.0	0.189
-35.0	0.216
-40.0	0.237
-45.0	0.252
-50.0	0.232
-55.0	0.244
-60.0	0.253
-65.0	0.263
-70.0	0.257
-75.0	0.341
-80.0	0.301
-85.0	0.427
-90.0	0.533
-95.0	0.560
-100.0	0.455
-12000	0.455
2018-08-15 00:00:00	22	2
-0.0	0.071
-5.0	0.053
-10.0	0.055
-15.0	0.061
-20.0	0.078
-25.0	0.114
-30.0	0.144
-35.0	0.162
-40.0	0.178
-45.0	0.213
-50.0	0.220
-55.0	0.219
-60.0	0.221
-65.0	0.213
-70.0	0.177
-75.0	0.228
-80.0	0.217
-85.0	0.262
-90.0	0.306
-95.0	0.526
-100.0	0.452
-12000	0.452
2018-09-15 00:00:00	22	2
-0.0	0.035
-5.0	0.123
-10.0	0.087
-15.0	0.102
-20.0	0.109
-25.0	0.115
-30.0	0.133
-35.0	0.136
-40.0	0.146
-45.0	0.165
-50.0	0.174
-55.0	0.199
-60.0	0.210
-65.0	0.277
-70.0	0.216
-75.0	0.368
-80.0	0.283
-85.0	0.392
-90.0	0.397
-95.0	0.526
-100.0	0.419
-12000	0.419
2018-10-15 00:00:00	22	2
-0.0	0.183
-5.0	0.241
-10.0	0.298
-15.0	0.367
-20.0	0.368
-25.0	0.336
-30.0	0.361
-35.0	0.380
-40.0	0.397
-45.0	0.461
-50.0	0.500
-55.0	0.434
-60.0	0.466
-65.0	0.494
-70.0	0.518
-75.0	0.569
-80.0	0.570
-85.0	0.546
-90.0	0.673
-95.0	0.693
-100.0	0.709
-12000	0.709
2018-11-15 00:00:00	22	2
-0.0	0.341
-5.0	0.353
-10.0	0.351
-15.0	0.343
-20.0	0.335
-25.0	0.337
-30.0	0.350
-35.0	0.340
-40.0	0.343
-45.0	0.347
-50.0	0.349
-55.0	0.347
-60.0	0.355
-65.0	0.339
-70.0	0.301
-75.0	0.318
-80.0	0.319
-85.0	0.363
-90.0	1.088
-95.0	1.192
-100.0	1.305
-12000	1.305
2018-12-15 00:00:00	22	2
-0.0	0.368
-5.0	0.380
-10.0	0.388
-15.0	0.394
-20.0	0.395
-25.0	0.394
-30.0	0.427
-35.0	0.430
-40.0	0.435
-45.0	0.438
-50.0	0.444
-55.0	0.437
-60.0	0.441
-65.0	0.443
-70.0	0.299
-75.0	0.284
-80.0	0.287
-85.0	0.327
-90.0	0.673
-95.0	0.729
-100.0	0.776
-12000	0.776
2019-01-15 00:00:00	22	2
-0.0	0.522
-5.0	0.494
-10.0	0.320
-15.0	0.542
-20.0	0.453
-25.0	0.445
-30.0	0.433
-35.0	0.430
-40.0	0.424
-45.0	0.425
-50.0	0.423
-55.0	0.445
-60.0	0.477
-65.0	0.497
-70.0	0.364
-75.0	0.381
-80.0	0.330
-85.0	0.345
-90.0	0.380
-95.0	0.421
-100.0	0.458
-12000	0.458
2019-02-15 00:00:00	22	2
-0.0	0.441
-5.0	0.326
-10.0	0.299
-15.0	0.318
-20.0	0.301
-25.0	0.303
-30.0	0.304
-35.0	0.301
-40.0	0.297
-45.0	0.298
-50.0	0.289
-55.0	0.283
-60.0	0.273
-65.0	0.247
-70.0	0.219
-75.0	0.224
-80.0	0.277
-85.0	0.164
-90.0	0.280
-95.0	0.255
-100.0	0.271
-12000	0.271
2019-03-15 00:00:00	22	2
-0.0	0.469
-5.0	0.384
-10.0	0.345
-15.0	0.345
-20.0	0.321
-25.0	0.318
-30.0	0.329
-35.0	0.322
-40.0	0.310
-45.0	0.317
-50.0	0.297
-55.0	0.303
-60.0	0.339
-65.0	0.315
-70.0	0.296
-75.0	0.308
-80.0	0.265
-85.0	0.251
-90.0	0.285
-95.0	0.226
-100.0	0.253
-12000	0.253
2019-04-15 00:00:00	22	2
-0.0	0.295
-5.0	0.288
-10.0	0.283
-15.0	0.283
-20.0	0.291
-25.0	0.293
-30.0	0.282
-35.0	0.281
-40.0	0.294
-45.0	0.289
-50.0	0.267
-55.0	0.272
-60.0	0.271
-65.0	0.274
-70.0	0.284
-75.0	0.319
-80.0	0.316
-85.0	0.300
-90.0	0.408
-95.0	0.377
-100.0	0.357
-12000	0.357
2019-05-15 00:00:00	22	2
-0.0	0.298
-5.0	0.252
-10.0	0.215
-15.0	0.268
-20.0	0.280
-25.0	0.290
-30.0	0.284
-35.0	0.284
-40.0	0.296
-45.0	0.280
-50.0	0.283
-55.0	0.289
-60.0	0.300
-65.0	0.344
-70.0	0.337
-75.0	0.367
-80.0	0.368
-85.0	0.362
-90.0	0.431
-95.0	0.392
-100.0	0.420
-12000	0.420
2019-06-15 00:00:00	22	2
-0.0	0.099
-5.0	0.104
-10.0	0.104
-15.0	0.127
-20.0	0.141
-25.0	0.166
-30.0	0.189
-35.0	0.230
-40.0	0.258
-45.0	0.252
-50.0	0.276
-55.0	0.290
-60.0	0.288
-65.0	0.313
-70.0	0.299
-75.0	0.379
-80.0	0.366
-85.0	0.314
-90.0	0.408
-95.0	0.372
-100.0	0.415
-12000	0.415
2019-07-15 00:00:00	22	2
-0.0	0.136
-5.0	0.118
-10.0	0.103
-15.0	0.134
-20.0	0.131
-25.0	0.168
-30.0	0.189
-35.0	0.216
-40.0	0.237
-45.0	0.252
-50.0	0.232
-55.0	0.244
-60.0	0.253
-65.0	0.263
-70.0	0.257
-75.0	0.341
-80.0	0.301
-85.0	0.427
-90.0	0.533
-95.0	0.560
-100.0	0.455
-12000	0.455
2019-08-15 00:00:00	22	2
-0.0	0.071
-5.0	0.053
-10.0	0.055
-15.0	0.061
-20.0	0.078
-25.0	0.114
-30.0	0.144
-35.0	0.162
-40.0	0.178
-45.0	0.213
-50.0	0.220
-55.0	0.219
-60.0	0.221
-65.0	0.213
-70.0	0.177
-75.0	0.228
-80.0	0.217
-85.0	0.262
-90.0	0.306
-95.0	0.526
-100.0	0.452
-12000	0.452
2019-09-15 00:00:00	22	2
-0.0	0.035
-5.0	0.123
-10.0	0.087
-15.0	0.102
-20.0	0.109
-25.0	0.115
-30.0	0.133
-35.0	0.136
-40.0	0.146
-45.0	0.165
-50.0	0.174
-55.0	0.199
-60.0	0.210
-65.0	0.277
-70.0	0.216
-75.0	0.368
-80.0	0.283
-85.0	0.392
-90.0	0.397
-95.0	0.526
-100.0	0.419
-12000	0.419
2019-10-15 00:00:00	22	2
-0.0	0.183
-5.0	0.241
-10.0	0.298
-15.0	0.367
-20.0	0.368
-25.0	0.336
-30.0	0.361
-35.0	0.380
-40.0	0.397
-45.0	0.461
-50.0	0.500
-55.0	0.434
-60.0	0.466
-65.0	0.494
-70.0	0.518
-75.0	0.569
-80.0	0.570
-85.0	0.546
-90.0	0.673
-95.0	0.693
-100.0	0.709
-12000	0.709
2019-11-15 00:00:00	22	2
-0.0	0.341
-5.0	0.353
-10.0	0.351
-15.0	0.343
-20.0	0.335
-25.0	0.337
-30.0	0.350
-35.0	0.340
-40.0	0.343
-45.0	0.347
-50.0	0.349
-55.0	0.347
-60.0	0.355
-65.0	0.339
-70.0	0.301
-75.0	0.318
-80.0	0.319
-85.0	0.363
-90.0	1.088
-95.0	1.192
-100.0	1.305
-12000	1.305
2019-12-15 00:00:00	22	2
-0.0	0.368
-5.0	0.380
-10.0	0.388
-15.0	0.394
-20.0	0.395
-25.0	0.394
-30.0	0.427
-35.0	0.430
-40.0	0.435
-45.0	0.438
-50.0	0.444
-55.0	0.437
-60.0	0.441
-65.0	0.443
-70.0	0.299
-75.0	0.284
-80.0	0.287
-85.0	0.327
-90.0	0.673
-95.0	0.729
-100.0	0.776
-12000	0.776
2020-01-15 00:00:00	22	2
-0.0	0.522
-5.0	0.494
-10.0	0.320
-15.0	0.542
-20.0	0.453
-25.0	0.445
-30.0	0.433
-35.0	0.430
-40.0	0.424
-45.0	0.425
-50.0	0.423
-55.0	0.445
-60.0	0.477
-65.0	0.497
-70.0	0.364
-75.0	0.381
-80.0	0.330
-85.0	0.345
-90.0	0.380
-95.0	0.421
-100.0	0.458
-12000	0.458
2020-02-15 00:00:00	22	2
-0.0	0.441
-5.0	0.326
-10.0	0.299
-15.0	0.318
-20.0	0.301
-25.0	0.303
-30.0	0.304
-35.0	0.301
-40.0	0.297
-45.0	0.298
-50.0	0.289
-55.0	0.283
-60.0	0.273
-65.0	0.247
-70.0	0.219
-75.0	0.224
-80.0	0.277
-85.0	0.164
-90.0	0.280
-95.0	0.255
-100.0	0.271
-12000	0.271
2020-03-15 00:00:00	22	2
-0.0	0.469
-5.0	0.384
-10.0	0.345
-15.0	0.345
-20.0	0.321
-25.0	0.318
-30.0	0.329
-35.0	0.322
-40.0	0.310
-45.0	0.317
-50.0	0.297
-55.0	0.303
-60.0	0.339
-65.0	0.315
-70.0	0.296
-75.0	0.308
-80.0	0.265
-85.0	0.251
-90.0	0.285
-95.0	0.226
-100.0	0.253
-12000	0.253
2020-04-15 00:00:00	22	2
-0.0	0.295
-5.0	0.288
-10.0	0.283
-15.0	0.283
-20.0	0.291
-25.0	0.293
-30.0	0.282
-35.0	0.281
-40.0	0.294
-45.0	0.289
-50.0	0.267
-55.0	0.272
-60.0	0.271
-65.0	0.274
-70.0	0.284
-75.0	0.319
-80.0	0.316
-85.0	0.300
-90.0	0.408
-95.0	0.377
-100.0	0.357
-12000	0.357
2020-05-15 00:00:00	22	2
-0.0	0.298
-5.0	0.252
-10.0	0.215
-15.0	0.268
-20.0	0.280
-25.0	0.290
-30.0	0.284
-35.0	0.284
-40.0	0.296
-45.0	0.280
-50.0	0.283
-55.0	0.289
-60.0	0.300
-65.0	0.344
-70.0	0.337
-75.0	0.367
-80.0	0.368
-85.0	0.362
-90.0	0.431
-95.0	0.392
-100.0	0.420
-12000	0.420
2020-06-15 00:00:00	22	2
-0.0	0.099
-5.0	0.104
-10.0	0.104
-15.0	0.127
-20.0	0.141
-25.0	0.166
-30.0	0.189
-35.0	0.230
-40.0	0.258
-45.0	0.252
-50.0	0.276
-55.0	0.290
-60.0	0.288
-65.0	0.313
-70.0	0.299
-75.0	0.379
-80.0	0.366
-85.0	0.314
-90.0	0.408
-95.0	0.372
-100.0	0.415
-12000	0.415
2020-07-15 00:00:00	22	2
-0.0	0.136
-5.0	0.118
-10.0	0.103
-15.0	0.134
-20.0	0.131
-25.0	0.168
-30.0	0.189
-35.0	0.216
-40.0	0.237
-45.0	0.252
-50.0	0.232
-55.0	0.244
-60.0	0.253
-65.0	0.263
-70.0	0.257
-75.0	0.341
-80.0	0.301
-85.0	0.427
-90.0	0.533
-95.0	0.560
-100.0	0.455
-12000	0.455
2020-08-15 00:00:00	22	2
-0.0	0.071
-5.0	0.053
-10.0	0.055
-15.0	0.061
-20.0	0.078
-25.0	0.114
-30.0	0.144
-35.0	0.162
-40.0	0.178
-45.0	0.213
-50.0	0.220
-55.0	0.219
-60.0	0.221
-65.0	0.213
-70.0	0.177
-75.0	0.228
-80.0	0.217
-85.0	0.262
-90.0	0.306
-95.0	0.526
-100.0	0.452
-12000	0.452
2020-09-15 00:00:00	22	2
-0.0	0.035
-5.0	0.123
-10.0	0.087
-15.0	0.102
-20.0	0.109
-25.0	0.115
-30.0	0.133
-35.0	0.136
-40.0	0.146
-45.0	0.165
-50.0	0.174
-55.0	0.199
-60.0	0.210
-65.0	0.277
-70.0	0.216
-75.0	0.368
-80.0	0.283
-85.0	0.392
-90.0	0.397
-95.0	0.526
-100.0	0.419
-12000	0.419
2020-10-15 00:00:00	22	2
-0.0	0.183
-5.0	0.241
-10.0	0.298
-15.0	0.367
-20.0	0.368
-25.0	0.336
-30.0	0.361
-35.0	0.380
-40.0	0.397
-45.0	0.461
-50.0	0.500
-55.0	0.434
-60.0	0.466
-65.0	0.494
-70.0	0.518
-75.0	0.569
-80.0	0.570
-85.0	0.546
-90.0	0.673
-95.0	0.693
-100.0	0.709
-12000	0.709
2020-11-15 00:00:00	22	2
-0.0	0.341
-5.0	0.353
-10.0	0.351
-15.0	0.343
-20.0	0.335
-25.0	0.337
-30.0	0.350
-35.0	0.340
-40.0	0.343
-45.0	0.347
-50.0	0.349
-55.0	0.347
-60.0	0.355
-65.0	0.339
-70.0	0.301
-75.0	0.318
-80.0	0.319
-85.0	0.363
-90.0	1.088
-95.0	1.192
-100.0	1.305
-12000	1.305
2020-12-15 00:00:00	22	2
-0.0	0.368
-5.0	0.380
-10.0	0.388
-15.0	0.394
-20.0	0.395
-25.0	0.394
-30.0	0.427
-35.0	0.430
-40.0	0.435
-45.0	0.438
-50.0	0.444
-55.0	0.437
-60.0	0.441
-65.0	0.443
-70.0	0.299
-75.0	0.284
-80.0	0.287
-85.0	0.327
-90.0	0.673
-95.0	0.729
-100.0	0.776
-12000	0.776
2021-01-15 00:00:00	22	2
-0.0	0.522
-5.0	0.494
-10.0	0.320
-15.0	0.542
-20.0	0.453
-25.0	0.445
-30.0	0.433
-35.0	0.430
-40.0	0.424
-45.0	0.425
-50.0	0.423
-55.0	0.445
-60.0	0.477
-65.0	0.497
-70.0	0.364
-75.0	0.381
-80.0	0.330
-85.0	0.345
-90.0	0.380
-95.0	0.421
-100.0	0.458
-12000	0.458
2021-02-15 00:00:00	22	2
-0.0	0.441
-5.0	0.326
-10.0	0.299
-15.0	0.318
-20.0	0.301
-25.0	0.303
-30.0	0.304
-35.0	0.301
-40.0	0.297
-45.0	0.298
-50.0	0.289
-55.0	0.283
-60.0	0.273
-65.0	0.247
-70.0	0.219
-75.0	0.224
-80.0	0.277
-85.0	0.164
-90.0	0.280
-95.0	0.255
-100.0	0.271
-12000	0.271
2021-03-15 00:00:00	22	2
-0.0	0.469
-5.0	0.384
-10.0	0.345
-15.0	0.345
-20.0	0.321
-25.0	0.318
-30.0	0.329
-35.0	0.322
-40.0	0.310
-45.0	0.317
-50.0	0.297
-55.0	0.303
-60.0	0.339
-65.0	0.315
-70.0	0.296
-75.0	0.308
-80.0	0.265
-85.0	0.251
-90.0	0.285
-95.0	0.226
-100.0	0.253
-12000	0.253
2021-04-15 00:00:00	22	2
-0.0	0.295
-5.0	0.288
-10.0	0.283
-15.0	0.283
-20.0	0.291
-25.0	0.293
-30.0	0.282
-35.0	0.281
-40.0	0.294
-45.0	0.289
-50.0	0.267
-55.0	0.272
-60.0	0.271
-65.0	0.274
-70.0	0.284
-75.0	0.319
-80.0	0.316
-85.0	0.300
-90.0	0.408
-95.0	0.377
-100.0	0.357
-12000	0.357
2021-05-15 00:00:00	22	2
-0.0	0.298
-5.0	0.252
-10.0	0.215
-15.0	0.268
-20.0	0.280
-25.0	0.290
-30.0	0.284
-35.0	0.284
-40.0	0.296
-45.0	0.280
-50.0	0.283
-55.0	0.289
-60.0	0.300
-65.0	0.344
-70.0	0.337
-75.0	0.367
-80.0	0.368
-85.0	0.362
-90.0	0.431
-95.0	0.392
-100.0	0.420
-12000	0.420
2021-06-15 00:00:00	22	2
-0.0	0.099
-5.0	0.104
-10.0	0.104
-15.0	0.127
-20.0	0.141
-25.0	0.166
-30.0	0.189
-35.0	0.230
-40.0	0.258
-45.0	0.252
-50.0	0.276
-55.0	0.290
-60.0	0.288
-65.0	0.313
-70.0	0.299
-75.0	0.379
-80.0	0.366
-85.0	0.314
-90.0	0.408
-95.0	0.372
-100.0	0.415
-12000	0.415
2021-07-15 00:00:00	22	2
-0.0	0.136
-5.0	0.118
-10.0	0.103
-15.0	0.134
-20.0	0.131
-25.0	0.168
-30.0	0.189
-35.0	0.216
-40.0	0.237
-45.0	0.252
-50.0	0.232
-55.0	0.244
-60.0	0.253
-65.0	0.263
-70.0	0.257
-75.0	0.341
-80.0	0.301
-85.0	0.427
-90.0	0.533
-95.0	0.560
-100.0	0.455
-12000	0.455
2021-08-15 00:00:00	22	2
-0.0	0.071
-5.0	0.053
-10.0	0.055
-15.0	0.061
-20.0	0.078
-25.0	0.114
-30.0	0.144
-35.0	0.162
-40.0	0.178
-45.0	0.213
-50.0	0.220
-55.0	0.219
-60.0	0.221
-65.0	0.213
-70.0	0.177
-75.0	0.228
-80.0	0.217
-85.0	0.262
-90.0	0.306
-95.0	0.526
-100.0	0.452
-12000	0.452
2021-09-15 00:00:00	22	2
-0.0	0.035
-5.0	0.123
-10.0	0.087
-15.0	0.102
-20.0	0.109
-25.0	0.115
-30.0	0.133
-35.0	0.136
-40.0	0.146
-45.0	0.165
-50.0	0.174
-55.0	0.199
-60.0	0.210
-65.0	0.277
-70.0	0.216
-75.0	0.368
-80.0	0.283
-85.0	0.392
-90.0	0.397
-95.0	0.526
-100.0	0.419
-12000	0.419
2021-10-15 00:00:00	22	2
-0.0	0.183
-5.0	0.241
-10.0	0.298
-15.0	0.367
-20.0	0.368
-25.0	0.336
-30.0	0.361
-35.0	0.380
-40.0	0.397
-45.0	0.461
-50.0	0.500
-55.0	0.434
-60.0	0.466
-65.0	0.494
-70.0	0.518
-75.0	0.569
-80.0	0.570
-85.0	0.546
-90.0	0.673
-95.0	0.693
-100.0	0.709
-12000	0.709
2021-11-15 00:00:00	22	2
-0.0	0.341
-5.0	0.353
-10.0	0.351
-15.0	0.343
-20.0	0.335
-25.0	0.337
-30.0	0.350
-35.0	0.340
-40.0	0.343
-45.0	0.347
-50.0	0.349
-55.0	0.347
-60.0	0.355
-65.0	0.339
-70.0	0.301
-75.0	0.318
-80.0	0.319
-85.0	0.363
-90.0	1.088
-95.0	1.192
-100.0	1.305
-12000	1.305
2021-12-15 00:00:00	22	2
-0.0	0.368
-5.0	0.380
-10.0	0.388
-15.0	0.394
-20.0	0.395
-25.0	0.394
-30.0	0.427
-35.0	0.430
-40.0	0.435
-45.0	0.438
-50.0	0.444
-55.0	0.437
-60.0	0.441
-65.0	0.443
-70.0	0.299
-75.0	0.284
-80.0	0.287
-85.0	0.327
-90.0	0.673
-95.0	0.729
-100.0	0.776
-12000	0.776
2022-01-15 00:00:00	22	2
-0.0	0.522
-5.0	0.494
-10.0	0.320
-15.0	0.542
-20.0	0.453
-25.0	0.445
-30.0	0.433
-35.0	0.430
-40.0	0.424
-45.0	0.425
-50.0	0.423
-55.0	0.445
-60.0	0.477
-65.0	0.497
-70.0	0.364
-75.0	0.381
-80.0	0.330
-85.0	0.345
-90.0	0.380
-95.0	0.421
-100.0	0.458
-12000	0.458
2022-02-15 00:00:00	22	2
-0.0	0.441
-5.0	0.326
-10.0	0.299
-15.0	0.318
-20.0	0.301
-25.0	0.303
-30.0	0.304
-35.0	0.301
-40.0	0.297
-45.0	0.298
-50.0	0.289
-55.0	0.283
-60.0	0.273
-65.0	0.247
-70.0	0.219
-75.0	0.224
-80.0	0.277
-85.0	0.164
-90.0	0.280
-95.0	0.255
-100.0	0.271
-12000	0.271
2022-03-15 00:00:00	22	2
-0.0	0.469
-5.0	0.384
-10.0	0.345
-15.0	0.345
-20.0	0.321
-25.0	0.318
-30.0	0.329
-35.0	0.322
-40.0	0.310
-45.0	0.317
-50.0	0.297
-55.0	0.303
-60.0	0.339
-65.0	0.315
-70.0	0.296
-75.0	0.308
-80.0	0.265
-85.0	0.251
-90.0	0.285
-95.0	0.226
-100.0	0.253
-12000	0.253
2022-04-15 00:00:00	22	2
-0.0	0.295
-5.0	0.288
-10.0	0.283
-15.0	0.283
-20.0	0.291
-25.0	0.293
-30.0	0.282
-35.0	0.281
-40.0	0.294
-45.0	0.289
-50.0	0.267
-55.0	0.272
-60.0	0.271
-65.0	0.274
-70.0	0.284
-75.0	0.319
-80.0	0.316
-85.0	0.300
-90.0	0.408
-95.0	0.377
-100.0	0.357
-12000	0.357
2022-05-15 00:00:00	22	2
-0.0	0.298
-5.0	0.252
-10.0	0.215
-15.0	0.268
-20.0	0.280
-25.0	0.290
-30.0	0.284
-35.0	0.284
-40.0	0.296
-45.0	0.280
-50.0	0.283
-55.0	0.289
-60.0	0.300
-65.0	0.344
-70.0	0.337
-75.0	0.367
-80.0	0.368
-85.0	0.362
-90.0	0.431
-95.0	0.392
-100.0	0.420
-12000	0.420
2022-06-15 00:00:00	22	2
-0.0	0.099
-5.0	0.104
-10.0	0.104
-15.0	0.127
-20.0	0.141
-25.0	0.166
-30.0	0.189
-35.0	0.230
-40.0	0.258
-45.0	0.252
-50.0	0.276
-55.0	0.290
-60.0	0.288
-65.0	0.313
-70.0	0.299
-75.0	0.379
-80.0	0.366
-85.0	0.314
-90.0	0.408
-95.0	0.372
-100.0	0.415
-12000	0.415
2022-07-15 00:00:00	22	2
-0.0	0.136
-5.0	0.118
-10.0	0.103
-15.0	0.134
-20.0	0.131
-25.0	0.168
-30.0	0.189
-35.0	0.216
-40.0	0.237
-45.0	0.252
-50.0	0.232
-55.0	0.244
-60.0	0.253
-65.0	0.263
-70.0	0.257
-75.0	0.341
-80.0	0.301
-85.0	0.427
-90.0	0.533
-95.0	0.560
-100.0	0.455
-12000	0.455
2022-08-15 00:00:00	22	2
-0.0	0.071
-5.0	0.053
-10.0	0.055
-15.0	0.061
-20.0	0.078
-25.0	0.114
-30.0	0.144
-35.0	0.162
-40.0	0.178
-45.0	0.213
-50.0	0.220
-55.0	0.219
-60.0	0.221
-65.0	0.213
-70.0	0.177
-75.0	0.228
-80.0	0.217
-85.0	0.262
-90.0	0.306
-95.0	0.526
-100.0	0.452
-12000	0.452
2022-09-15 00:00:00	22	2
-0.0	0.035
-5.0	0.123
-10.0	0.087
-15.0	0.102
-20.0	0.109
-25.0	0.115
-30.0	0.133
-35.0	0.136
-40.0	0.146
-45.0	0.165
-50.0	0.174
-55.0	0.199
-60.0	0.210
-65.0	0.277
-70.0	0.216
-75.0	0.368
-80.0	0.283
-85.0	0.392
-90.0	0.397
-95.0	0.526
-100.0	0.419
-12000	0.419
2022-10-15 00:00:00	22	2
-0.0	0.183
-5.0	0.241
-10.0	0.298
-15.0	0.367
-20.0	0.368
-25.0	0.336
-30.0	0.361
-35.0	0.380
-40.0	0.397
-45.0	0.461
-50.0	0.500
-55.0	0.434
-60.0	0.466
-65.0	0.494
-70.0	0.518
-75.0	0.569
-80.0	0.570
-85.0	0.546
-90.0	0.673
-95.0	0.693
-100.0	0.709
-12000	0.709
2022-11-15 00:00:00	22	2
-0.0	0.341
-5.0	0.353
-10.0	0.351
-15.0	0.343
-20.0	0.335
-25.0	0.337
-30.0	0.350
-35.0	0.340
-40.0	0.343
-45.0	0.347
-50.0	0.349
-55.0	0.347
-60.0	0.355
-65.0	0.339
-70.0	0.301
-75.0	0.318
-80.0	0.319
-85.0	0.363
-90.0	1.088
-95.0	1.192
-100.0	1.305
-12000	1.305
2022-12-15 00:00:00	22	2
-0.0	0.368
-5.0	0.380
-10.0	0.388
-15.0	0.394
-20.0	0.395
-25.0	0.394
-30.0	0.427
-35.0	0.430
-40.0	0.435
-45.0	0.438
-50.0	0.444
-55.0	0.437
-60.0	0.441
-65.0	0.443
-70.0	0.299
-75.0	0.284
-80.0	0.287
-85.0	0.327
-90.0	0.673
-95.0	0.729
-100.0	0.776
-12000	0.776
2023-01-15 00:00:00	22	2
-0.0	0.522
-5.0	0.494
-10.0	0.320
-15.0	0.542
-20.0	0.453
-25.0	0.445
-30.0	0.433
-35.0	0.430
-40.0	0.424
-45.0	0.425
-50.0	0.423
-55.0	0.445
-60.0	0.477
-65.0	0.497
-70.0	0.364
-75.0	0.381
-80.0	0.330
-85.0	0.345
-90.0	0.380
-95.0	0.421
-100.0	0.458
-12000	0.458
2023-02-15 00:00:00	22	2
-0.0	0.441
-5.0	0.326
-10.0	0.299
-15.0	0.318
-20.0	0.301
-25.0	0.303
-30.0	0.304
-35.0	0.301
-40.0	0.297
-45.0	0.298
-50.0	0.289
-55.0	0.283
-60.0	0.273
-65.0	0.247
-70.0	0.219
-75.0	0.224
-80.0	0.277
-85.0	0.164
-90.0	0.280
-95.0	0.255
-100.0	0.271
-12000	0.271
2023-03-15 00:00:00	22	2
-0.0	0.469
-5.0	0.384
-10.0	0.345
-15.0	0.345
-20.0	0.321
-25.0	0.318
-30.0	0.329
-35.0	0.322
-40.0	0.310
-45.0	0.317
-50.0	0.297
-55.0	0.303
-60.0	0.339
-65.0	0.315
-70.0	0.296
-75.0	0.308
-80.0	0.265
-85.0	0.251
-90.0	0.285
-95.0	0.226
-100.0	0.253
-12000	0.253
2023-04-15 00:00:00	22	2
-0.0	0.295
-5.0	0.288
-10.0	0.283
-15.0	0.283
-20.0	0.291
-25.0	0.293
-30.0	0.282
-35.0	0.281
-40.0	0.294
-45.0	0.289
-50.0	0.267
-55.0	0.272
-60.0	0.271
-65.0	0.274
-70.0	0.284
-75.0	0.319
-80.0	0.316
-85.0	0.300
-90.0	0.408
-95.0	0.377
-100.0	0.357
-12000	0.357
2023-05-15 00:00:00	22	2
-0.0	0.298
-5.0	0.252
-10.0	0.215
-15.0	0.268
-20.0	0.280
-25.0	0.290
-30.0	0.284
-35.0	0.284
-40.0	0.296
-45.0	0.280
-50.0	0.283
-55.0	0.289
-60.0	0.300
-65.0	0.344
-70.0	0.337
-75.0	0.367
-80.0	0.368
-85.0	0.362
-90.0	0.431
-95.0	0.392
-100.0	0.420
-12000	0.420
2023-06-15 00:00:00	22	2
-0.0	0.099
-5.0	0.104
-10.0	0.104
-15.0	0.127
-20.0	0.141
-25.0	0.166
-30.0	0.189
-35.0	0.230
-40.0	0.258
-45.0	0.252
-50.0	0.276
-55.0	0.290
-60.0	0.288
-65.0	0.313
-70.0	0.299
-75.0	0.379
-80.0	0.366
-85.0	0.314
-90.0	0.408
-95.0	0.372
-100.0	0.415
-12000	0.415
2023-07-15 00:00:00	22	2
-0.0	0.136
-5.0	0.118
-10.0	0.103
-15.0	0.134
-20.0	0.131
-25.0	0.168
-30.0	0.189
-35.0	0.216
-40.0	0.237
-45.0	0.252
-50.0	0.232
-55.0	0.244
-60.0	0.253
-65.0	0.263
-70.0	0.257
-75.0	0.341
-80.0	0.301
-85.0	0.427
-90.0	0.533
-95.0	0.560
-100.0	0.455
-12000	0.455
2023-08-15 00:00:00	22	2
-0.0	0.071
-5.0	0.053
-10.0	0.055
-15.0	0.061
-20.0	0.078
-25.0	0.114
-30.0	0.144
-35.0	0.162
-40.0	0.178
-45.0	0.213
-50.0	0.220
-55.0	0.219
-60.0	0.221
-65.0	0.213
-70.0	0.177
-75.0	0.228
-80.0	0.217
-85.0	0.262
-90.0	0.306
-95.0	0.526
-100.0	0.452
-12000	0.452
2023-09-15 00:00:00	22	2
-0.0	0.035
-5.0	0.123
-10.0	0.087
-15.0	0.102
-20.0	0.109
-25.0	0.115
-30.0	0.133
-35.0	0.136
-40.0	0.146
-45.0	0.165
-50.0	0.174
-55.0	0.199
-60.0	0.210
-65.0	0.277
-70.0	0.216
-75.0	0.368
-80.0	0.283
-85.0	0.392
-90.0	0.397
-95.0	0.526
-100.0	0.419
-12000	0.419
2023-10-15 00:00:00	22	2
-0.0	0.183
-5.0	0.241
-10.0	0.298
-15.0	0.367
-20.0	0.368
-25.0	0.336
-30.0	0.361
-35.0	0.380
-40.0	0.397
-45.0	0.461
-50.0	0.500
-55.0	0.434
-60.0	0.466
-65.0	0.494
-70.0	0.518
-75.0	0.569
-80.0	0.570
-85.0	0.546
-90.0	0.673
-95.0	0.693
-100.0	0.709
-12000	0.709
2023-11-15 00:00:00	22	2
-0.0	0.341
-5.0	0.353
-10.0	0.351
-15.0	0.343
-20.0	0.335
-25.0	0.337
-30.0	0.350
-35.0	0.340
-40.0	0.343
-45.0	0.347
-50.0	0.349
-55.0	0.347
-60.0	0.355
-65.0	0.339
-70.0	0.301
-75.0	0.318
-80.0	0.319
-85.0	0.363
-90.0	1.088
-95.0	1.192
-100.0	1.305
-12000	1.305
2023-12-15 00:00:00	22	2
-0.0	0.368
-5.0	0.380
-10.0	0.388
-15.0	0.394
-20.0	0.395
-25.0	0.394
-30.0	0.427
-35.0	0.430
-40.0	0.435
-45.0	0.438
-50.0	0.444
-55.0	0.437
-60.0	0.441
-65.0	0.443
-70.0	0.299
-75.0	0.284
-80.0	0.287
-85.0	0.327
-90.0	0.673
-95.0	0.729
-100.0	0.776
-12000	0.776
2024-01-15 00:00:00	22	2
-0.0	0.522
-5.0	0.494
-10.0	0.320
-15.0	0.542
-20.0	0.453
-25.0	0.445
-30.0	0.433
-35.0	0.430
-40.0	0.424
-45.0	0.425
-50.0	0.423
-55.0	0.445
-60.0	0.477
-65.0	0.497
-70.0	0.364
-75.0	0.381
-80.0	0.330
-85.0	0.345
-90.0	0.380
-95.0	0.421
-100.0	0.458
-12000	0.458
