209
2.7521537960937627e-05
3.0182953768525374e-05
3.3101736519447875e-05
3.6302774374109316e-05
3.981336225316164e-05
4.366343457848643e-05
4.7885820520932435e-05
5.251652393127984e-05
5.759503034137389e-05
6.316464365319501e-05
6.92728553867784e-05
7.597174963552231e-05
8.331844718189697e-05
9.137559256048362e-05
0.00010021188822147957
0.00010990268034942706
0.00012053060133238158
0.00013161625107853427
0.00014342153484230526
0.0001562856903153152
0.00017030369270689097
0.00018557903600187103
0.000202224497049853
0.00021969941732262845
0.00023731584038484555
0.0002563448223208592
0.0002768996280406284
0.0002986146719230771
0.0003200907098116901
0.00034311128066120175
0.0003676790723132991
0.0003921148350707437
0.0004181745861008451
0.0004453226548630409
0.00047346241886670083
0.0005032578919968173
0.0005345209855526027
0.0005679310741028968
0.0006039803369433288
0.000642720471275411
0.0006843198965499498
0.0007287066900474713
0.0007756183998322447
0.0008248807500240122
0.000875903167881754
0.0009273920003124794
0.000978508808542328
0.001027716022488784
0.0010730794949652866
0.001112699640807566
0.001147484934895386
0.0011782549999266431
0.0012061563583313773
0.001232363866957454
0.001258103280543806
0.0012847631802117895
0.0013144798354726408
0.001349000895798873
0.001389987227076961
0.0014364153376230067
0.0014870508108519019
0.001542414077835125
0.0016029762676475754
0.0016693231896603318
0.0017418715235882687
0.0018217104154758963
0.001909422762296039
0.002005959063390577
0.0021124518535802954
0.0022301790205736804
0.0023605852524951473
0.0025055731721824095
0.002667109557132812
0.0028516230967127938
0.003082727515742663
0.0033734637171847996
0.003735806049751053
0.0041855135952020344
0.004742086935276632
0.005429041172881436
0.006272828182843452
0.007299162658963754
0.008524348117840355
0.00993599426745723
0.011458403320032874
0.012899459249486364
0.013915434269190851
0.01471859593317629
0.015532210839144847
0.016348829028926103
0.01715945097616299
0.017953604270236782
0.01871925344456513
0.019442950275583237
0.020109986555059543
0.020704722794940005
0.021211005383691823
0.02161284587561558
0.02189500870387979
0.022043936726107022
0.02208225435218133
0.022110202680064164
0.022135092488750518
0.022156774911050815
0.02217510184986288
0.022189926282261453
0.022201102576387577
0.022208486098445713
0.022211934876145225
0.02217983484153399
0.022008032954809107
0.02169865803003378
0.021266262522822522
0.02072743620778251
0.02009985820993455
0.019401304889747444
0.018648986306029094
0.01785891080101381
0.017045536088928472
0.01622150748020537
0.015397623487274357
0.01458285398061246
0.013784370561687402
0.012708503726826555
0.011249322024653898
0.009718779108804301
0.00830706333110873
0.007093132530049289
0.006087843496032529
0.0052709380441846
0.004612636956432844
0.004083280507549771
0.0036580672756720578
0.0033161271007265706
0.0030415192464272366
0.002821809853436735
0.002642953088320672
0.002484394539324833
0.0023416897394631184
0.0022132012503970106
0.002097054606373305
0.001991912433929244
0.0018965807375417784
0.0018099920572397113
0.0017311905539541962
0.0016593187846582287
0.0015937702695299754
0.0015340157758854756
0.0014791872853488987
0.001429335766892759
0.0013835051831098384
0.0013434903355861098
0.0013099639208193682
0.0012807515297013068
0.0012542018981181668
0.001228397900654868
0.0012019622297957397
0.0011737419476042195
0.0011425337778413248
0.001107208094242919
0.0010668550638203403
0.0010210234045264104
0.0009715849838219253
0.0009203535293407709
0.0008688280724087396
0.0008181610883814015
0.0007691216694118866
0.0007222480055295851
0.0006781366629882009
0.0006367905724777781
0.0005983608795893087
0.0005628092769569249
0.0005296954861107379
0.0004985745185324923
0.0004692882270475785
0.00044098031176490295
0.0004143125495172188
0.0003883040254268615
0.00036350989113683477
0.00034013298795832874
0.00031670584686841873
0.00029489228328811985
0.00027458115978203605
0.00025378615100752234
0.00023445664640911422
0.00021659936457202314
0.00020010217433179034
0.00018369962582191022
0.00016839311370065238
0.00015436199510438734
0.00014149999966724092
0.00012970971185160505
0.00011890183313209662
0.00010868320915425148
9.904262555848769e-05
9.025719569613406e-05
8.225106441790979e-05
7.495510519355317e-05
6.83063232596106e-05
6.224731171010062e-05
5.67257558338735e-05
5.169398141899549e-05
4.710854312410438e-05
4.2929849362696165e-05
3.9121820461497875e-05
3.5651577141367915e-05
3.2489156631094806e-05
2.960725396282709e-05
2.6980986215579666e-05
