231
1.6770477879747432e-05
1.8356246942026162e-05
2.009196185181811e-05
2.1991801065319252e-05
2.4071283713532072e-05
2.6347396372691902e-05
2.8838731821747035e-05
3.156564092035457e-05
3.4550398848030964e-05
3.7817387062407564e-05
4.139329246294521e-05
4.530732538700774e-05
4.9591458219029025e-05
5.428068656188941e-05
5.9413315103920524e-05
6.503127051668741e-05
7.118044393950196e-05
7.791106584830518e-05
8.527811637109353e-05
9.334177440161365e-05
0.00010216790917998104
0.00011176878912246443
0.00012078470989035799
0.0001305279072793114
0.00014105704765265644
0.00015243552974389464
0.0001647318663972064
0.00017802009710137114
0.00019234814929646065
0.0002055280481171712
0.00021961104755808286
0.00023465902902976656
0.0002507381141225567
0.00026732915957730364
0.00028413854482986105
0.000302004887105048
0.0003209946467838303
0.0003412789324904387
0.0003628615373996607
0.0003858090341622076
0.00041080232511027284
0.000437447220927699
0.00046554359819648677
0.0004951376949522131
0.0005258718226573848
0.0005570596758777324
0.0005882467639076129
0.0006188795711168919
0.000646394110777697
0.000672379341357149
0.0006937669224981093
0.0007130360734958443
0.0007308188059054112
0.000747064380576338
0.0007627461100911962
0.0007789989543908107
0.0007965240930212607
0.000816285953853961
0.0008407865787260155
0.0008682920569600968
0.0008985236150110933
0.0009315326782321734
0.0009676227153963229
0.0010071320970021832
0.0010504386053233972
0.0010979645515695336
0.001150182588630832
0.0012076223212121842
0.0012708778306254767
0.0013408098420819967
0.0014185007698847988
0.0015044649833813864
0.0016004060001261027
0.0017079449376410669
0.001841461883290841
0.0020087533797029625
0.0022172898152758875
0.0024759339335033484
0.002796001531417993
0.0031909470676820526
0.0036769656623302093
0.0042694367749270806
0.004980760794750059
0.0058100556606572136
0.006725297176385487
0.00763402392103161
0.008350545298356
0.008856710608223333
0.009368307189047874
0.009884118357637065
0.010401025448930956
0.010915876494031317
0.011425383906668545
0.011926369022389263
0.01241585580877607
0.012891033560324465
0.013349466049125432
0.013789161395495166
0.014208567405087816
0.014606789941167857
0.01498346395305892
0.015338937928347162
0.015674184399292024
0.01599083586964584
0.01629119543874485
0.016578187265297237
0.01685747788535552
0.01714190975815981
0.017369438885049573
0.01745468077748507
0.017460342318695678
0.017465239214758524
0.017469421184146863
0.017472936447038397
0.01747583455003592
0.017478164539051204
0.017479975869544112
0.017481318140654876
0.01748224076918432
0.01748279368883789
0.01748302631689635
0.01743917332319129
0.01724285263395013
0.016964488963508276
0.016680701122582475
0.016395586304479563
0.01609675227364258
0.015781846136651963
0.015449003212819558
0.015096900817884038
0.014724700198037954
0.014332114816295882
0.013919429731329147
0.013487373504613005
0.013037184141784062
0.012570594243465957
0.012089699044190938
0.011596865376542748
0.011094800113899744
0.010586399334354908
0.010074610638367737
0.00956245230609616
0.009052909313882192
0.008548780358310464
0.007963797388668899
0.0071164539606174675
0.006182436277935431
0.005297122576888098
0.004523708105063508
0.0038775753971084597
0.0033498623591316145
0.0029232743535477384
0.0025800847783783317
0.0023039654186346858
0.0020817375167802156
0.0019028193636893562
0.0017593493312703435
0.0016437018216141112
0.0015434433902264569
0.001453760138201554
0.0013725971265357362
0.001299722389164889
0.0012336127111252603
0.001173578255751567
0.001119137624237243
0.00106974191755525
0.001024708087629091
0.0009836138297002008
0.000946079093907239
0.0009117615276553379
0.00088035241613452
0.0008515920100521813
0.0008260931491461403
0.0008046532449641184
0.0007860702306096184
0.000769306340076523
0.0007535344149573182
0.0007375334679502318
0.000720444972469389
0.0007020272535341028
0.0006818100630396071
0.0006574672837199298
0.0006308781785197643
0.0006018082243726298
0.0005703555921135943
0.0005395055662037929
0.000508020374940967
0.000478075921123594
0.0004490031056149497
0.0004216985344321379
0.00039605651777707484
0.00037197370269481845
0.00034981218002876725
0.0003292191467470697
0.000309838401212774
0.00029134204669268617
0.00027385694576361136
0.00025742122564987094
0.00024171132223070382
0.00022581457911777247
0.0002109633246450302
0.00019708879966547012
0.00018412676714749202
0.00017091118518677435
0.00015785349641652156
0.00014579342073890955
0.00013465474008042053
0.00012436705946146297
0.00011486536210944752
0.00010608959856144755
9.737144294749856e-05
8.889552014589637e-05
8.115740367810376e-05
7.40928694827402e-05
6.76432840306249e-05
6.175511768394426e-05
5.6379500416201386e-05
5.147181620555695e-05
4.699133273514382e-05
4.2900863326961324e-05
3.916645830352736e-05
3.575712321569745e-05
3.2644561597941404e-05
2.9802940116104373e-05
2.7208674158464433e-05
2.4840232090433382e-05
2.267795654845594e-05
2.07039012897043e-05
1.8901682243629572e-05
1.7256341529065898e-05
1.575422330824667e-05
