194
4.264555424132336e-05
4.681355341692939e-05
5.138891550379099e-05
5.641145445927116e-05
6.192487549140179e-05
6.797715537354642e-05
7.462095992943705e-05
8.191410232146269e-05
8.992004613015008e-05
9.870845760254116e-05
0.00010835581187503115
0.00011894605844590649
0.00013057135168840185
0.00014321829872807117
0.00015665403518612915
0.0001713502182196149
0.0001874250940872629
0.00020500800208259165
0.0002242404152046366
0.000244694869948595
0.0002664233637697299
0.00029008131137890007
0.0003158400450346047
0.0003424685282993451
0.0003707878830631798
0.0004014490175468109
0.00043241018167550335
0.00046537212535066315
0.0004997101321164156
0.0005354614909147705
0.0005727453508250188
0.0006116005418429976
0.0006518068879440097
0.00069399712226982
0.0007378355955529015
0.0007839186674785111
0.0008326780576951642
0.0008846509928518028
0.0009407393746918415
0.001001271426103713
0.001066217313678504
0.0011354422957611714
0.0012085868218518387
0.0012850726528157697
0.0013640693716484014
0.0014443767240281094
0.001523349547594567
0.001599827824357054
0.0016689647404388261
0.0017294354436534125
0.0017826227490185457
0.001829790507967485
0.0018727937839414337
0.0019132121878638576
0.001953055232221119
0.001994723986152794
0.002041011851644965
0.0020951571074660294
0.0021599516840551166
0.0022323422818836106
0.002311402526206729
0.0023978784161252766
0.002492524764134719
0.0025960111557672434
0.0027096235487326223
0.002834236199997778
0.002971193890605964
0.003122045847288645
0.003288536685040991
0.003472634692093171
0.003676576047934023
0.0039034022287542988
0.004156114658588403
0.004446651759049059
0.004813772267920715
0.005275880513305176
0.005853328722903936
0.006570784894364516
0.007460400325608974
0.008559583431177173
0.009910619443504437
0.011552796354608433
0.013507114597219752
0.01574234206877731
0.01811439988924498
0.02027742045279573
0.02168582277349819
0.022810953995758006
0.023891054833533
0.0248848538128249
0.02574337444832953
0.0264116391016397
0.026831895671952755
0.02697284514766608
0.02704401407234556
0.027104876860814642
0.027155170749505037
0.02719464671042346
0.02722306882683589
0.027240219546104703
0.027245828469279424
0.027068137451327023
0.02657714002689496
0.025833616576898755
0.024903281228168227
0.023849556771633015
0.022728763404922133
0.021587569023528763
0.020148193329321416
0.017986745392107675
0.015598966101058414
0.013339366701003219
0.011371718837097755
0.00973349756090376
0.008400362422738884
0.007326903764849595
0.006465517810628855
0.005775071721752543
0.0052210902629920095
0.004777321940308705
0.004422679166750783
0.004138042704028196
0.0038878104426783716
0.0036629581601296457
0.0034603604905161585
0.0032774536858806926
0.0031118669382132003
0.0029618084553249837
0.0028254852036134824
0.0027015117314086417
0.0025885839933153724
0.0024854851040414785
0.002391437684245509
0.002305368753723028
0.0022268367629379453
0.0021549466863812253
0.0020909262763309255
0.002037485948357383
0.001991576471041083
0.0019500187118991514
0.0019100978428095903
0.0018694796329451974
0.0018261812202994868
0.0017785848785102853
0.0017254768193532618
0.0016647298635638064
0.0015946606401196566
0.0015188897599373683
0.0014394332363097564
0.0013595215109897698
0.0012803464747808326
0.0012037998169064771
0.0011306677812766416
0.001061508771477698
0.0009967059532250038
0.0009363745996379092
0.0008804568937860537
0.0008288048490197574
0.0007802966360668174
0.0007343108157240222
0.000690545818402395
0.0006487878206118703
0.0006083723864128105
0.0005698332191932821
0.0005326965825665142
0.0004969737049007971
0.000462906834559861
0.0004300594835381697
0.00039871153366592596
0.00036920796479685187
0.000340373640765182
0.000313791213554909
0.00028879821431118327
0.00026493062613611667
0.00024303556319514724
0.0002229500070982204
0.00020404587652871582
0.00018640605536314334
0.00017029120150416347
0.00015556948111604196
0.00014212045743374795
0.00012983410548313563
0.00011826355941269914
0.00010767719074743066
9.803846142325029e-05
8.926254345532179e-05
8.127220224023852e-05
7.399711683417413e-05
6.737326107621259e-05
6.134234011057357e-05
5.58512773485097e-05
5.0851747354882846e-05
4.6299750548386176e-05
4.21552259725232e-05
