218
2.1902576864330092e-05
2.400275870615435e-05
2.6304321590768678e-05
2.8826575429147245e-05
3.159068171003275e-05
3.4619831042973114e-05
3.793943772550397e-05
4.15773529668786e-05
4.556409855727364e-05
4.9933122942934836e-05
5.4721081855710815e-05
5.9968145851432026e-05
6.57183373373551e-05
7.201989991630307e-05
7.892570314626683e-05
8.649368611136492e-05
9.478734352568358e-05
0.00010387625844836557
0.00011383668607938048
0.00012406095197967917
0.00013475950971040705
0.0001463806714973771
0.00015900399930267976
0.000172715916217802
0.00018761029814205472
0.00020378911648515923
0.00021903416127844227
0.00023535887736820353
0.00025290028200488295
0.00027174905554163726
0.00029066423886492366
0.0003101298934713123
0.00033089915429611614
0.00035262445873618305
0.0003748160717453231
0.00039840426311352667
0.00042338014383666247
0.0004498484328544687
0.00047816931398955964
0.0005089654864742589
0.0005417875530901383
0.0005769340370569854
0.0006140945490270079
0.0006531491208779858
0.0006932550786681578
0.0007344578044603419
0.0007754583792411182
0.0008143537444625685
0.0008504887668292717
0.000882682261283197
0.0009106752954964255
0.0009356281779351564
0.0009581525832986497
0.0009790866187883395
0.000999481592519754
0.0010205832917843534
0.0010438220169468409
0.0010708544309666849
0.0011032421506485856
0.00113991257836054
0.0011799682557260393
0.001223714438152987
0.0012714897127818143
0.0013237424594788106
0.001381283542426703
0.0014442237354433199
0.0015134024824949848
0.0015896397999808284
0.0016736784675466295
0.0017664423621127764
0.001869492684119901
0.0019838582647906285
0.002111216885192119
0.0022559297467144223
0.002435668243754664
0.002662599230915874
0.0029443830201093505
0.003294524583786282
0.0037280059485423726
0.004262292538985339
0.00491911533015122
0.005718473252902924
0.0066748225096255175
0.0077819364349569166
0.008987742060679442
0.010153404517569721
0.011014125492563566
0.01167275077439183
0.012348748901785132
0.013038531820174091
0.013737799998602236
0.014441365669502096
0.015143128307422017
0.015836128331812627
0.016512452288397202
0.017163385706609285
0.017779358785931433
0.018350293246425946
0.01886557905767543
0.01931458398409321
0.019686734361289596
0.019972122083507373
0.020161706651514847
0.0202478885091792
0.020265091226531712
0.020279750829512378
0.020292955340372447
0.020304631233508567
0.02031470641576231
0.020323108775977615
0.020329765859118155
0.020334605416920136
0.02033755716339807
0.020338544208993583
0.020282244624168028
0.020118113050974776
0.019853108640436858
0.019496012519167168
0.019056997236530683
0.018546987595421952
0.017977372452616325
0.017359533842427027
0.016704444658447427
0.01602239633273626
0.015322925440699567
0.014614557714554024
0.013904755172488665
0.013200011646411575
0.012505751247743517
0.011826466869684256
0.011165726851261158
0.010408932483736786
0.009304721888724016
0.00808433274470243
0.0069259983363175555
0.005913662854490473
0.00506773727787259
0.0043769789930314185
0.0038187950066639297
0.0033697858193204658
0.003008786537418575
0.002718215709790795
0.0024841506410424935
0.0022971228028909273
0.0021463627402401324
0.002015630669930118
0.0018982430147811865
0.0017925854351601002
0.0016972244150523677
0.0016108832546895165
0.0015325610003078653
0.0014616317185983782
0.0013969042246247487
0.0013381316552006249
0.0012844772933800776
0.0012353594017607094
0.0011906183651368802
0.0011497626783296812
0.001112346002182088
0.0010789389603498654
0.001050605556066263
0.0010264267281776946
0.0010047338089726099
0.0009840972574975619
0.0009632805032497757
0.0009412210228672206
0.0009170334751336088
0.0008900299926149778
0.0008592280010715491
0.0008243031786502508
0.000786065673314902
0.0007455824135246215
0.0007042133113614757
0.0006636307284702158
0.0006243328347761213
0.0005863457468920147
0.0005506171756343234
0.000516987616275277
0.0004857679523412338
0.00045668664564798835
0.0004296562554506029
0.00040449896508209284
0.0003807053394917175
0.00035781030635422933
0.00033629214526972125
0.00031546972935249433
0.0002951756433575066
0.00027618707065920635
0.0002582206071250002
0.00023980895049631698
0.00022271008258573338
0.00020683039887664216
0.0001920829690456567
0.00017699765024358977
0.00016270747971906804
0.0001495710475257635
0.00013749520487060278
0.0001263943234679329
0.00011618968836005577
0.00010669424203862239
9.729767797160925e-05
8.872866949314508e-05
8.091433376571516e-05
7.378820674477999e-05
6.728967787556934e-05
6.13634745760715e-05
5.595919212172604e-05
5.103086493308122e-05
4.653657562021917e-05
4.2438098458575564e-05
3.87005742639377e-05
3.529221390115737e-05
3.218402790486931e-05
2.934957991250443e-05
2.6764761812500683e-05
2.4407588695157562e-05
2.225801186221096e-05
2.029774830467835e-05
