190
4.9417745591567223e-05
5.425951458523275e-05
5.9575662300699395e-05
6.541266662073938e-05
7.182155916016999e-05
7.885837142377445e-05
8.6584624677135e-05
9.506786781320909e-05
0.00010438226791709474
0.00011460925869215992
0.0001258382524165799
0.00013816742165475776
0.00015156446269195962
0.00016592069159206225
0.00018163674656597898
0.00019884143072515991
0.00021767574744830913
0.00023829405599415956
0.0002600678392939827
0.0002836433055554219
0.0003093559165363048
0.00033716463565819577
0.0003660829511872089
0.00039748156531397693
0.00043073176129042204
0.0004652238223111118
0.0005022574060733899
0.0005398913190003402
0.0005800222211932735
0.0006212537532772377
0.0006645165825119478
0.0007096517282888545
0.0007562184023560977
0.0008049571158702776
0.0008559324135240129
0.0009093986808972407
0.0009658313767183336
0.0010261276726291613
0.0010912661645081751
0.0011615040595496055
0.001236844022142656
0.001317113676037706
0.0014019987257023446
0.0014907796177285532
0.0015823141525828158
0.0016751530675699774
0.001767167345427833
0.0018549624804652884
0.0019354251784208423
0.0020051835121220546
0.00206645103308079
0.0021212379777653155
0.002171048908355166
0.002217838059495123
0.002263957861747641
0.002312302687586586
0.002366049796008115
0.002428730402427778
0.002504261999533878
0.0025882193666237623
0.002680082847934907
0.002780399575619968
0.0028901498426373074
0.0030103845990730196
0.003142145439694299
0.00328673178715342
0.0034457892284497993
0.003620895305796468
0.003814113938033131
0.00402774341873314
0.004264592947775037
0.004527852273675742
0.00482115129704023
0.005159062600597923
0.005586859463483512
0.006126355689125776
0.006800337748861244
0.007638885209599435
0.008679008686147406
0.00996553013965816
0.011547170289655583
0.013469682116803064
0.015755752037994245
0.018364222865774226
0.02111690549794905
0.02359296797455105
0.02515602991395182
0.0263918892916798
0.027515965256106494
0.02842898246845039
0.029015750629308334
0.029195975673546735
0.029274596849507825
0.029339672449639642
0.02939127764965536
0.02942951470389639
0.02945450753375814
0.02946641177138558
0.029378499233393127
0.02885049216284185
0.027954915695619312
0.026821865015668828
0.025571179791435073
0.024229960562125626
0.022054392126448302
0.019340129070094494
0.01661165374646263
0.014158246826581428
0.01208152953300141
0.0103786433224716
0.009003738336391294
0.00790045287535165
0.007016615977744982
0.006308587470758177
0.005741554907395998
0.005288270487577566
0.004928088056047154
0.004624404822104621
0.004351783968280073
0.004106531890899795
0.0038852447139737507
0.0036851774518671726
0.003503882601653094
0.0033394282524120598
0.0031898121375690605
0.00305365483717525
0.0029295186837447517
0.0028161905260876688
0.0027126769838292444
0.0026181086531172452
0.0025315553021971328
0.002452790290328906
0.002385955501749801
0.0023296198520664285
0.0022796927578794366
0.0022330071882841872
0.002186595073167138
0.0021380405362123336
0.0020852745416988965
0.0020265790561938978
0.0019604363822909514
0.0018836175902602324
0.001798002264641557
0.001707312352584503
0.001614690083288803
0.0015223462848481866
0.0014321985746169959
0.001345635226540296
0.0012634726822308216
0.0011862190774658426
0.0011141203127983984
0.001047198297989298
0.0009853252483253809
0.0009276438202688164
0.000873209526416592
0.0008214445025162981
0.0007720096768100578
0.000724733929779139
0.0006791710629357835
0.0006352783559042919
0.000593433970768621
0.0005529976120698094
0.0005143291356525967
0.0004774785856341952
0.0004420377215472243
0.00040836907379188
0.00037675203677209167
0.0003464689705202693
0.00031862003603709793
0.00029241431070389177
0.00026783983474397996
0.00024533059583505473
0.00022471303161575114
0.0002052314448506982
0.00018734577730841862
0.00017101882365458263
0.0001561147438943772
0.00014250953632117297
0.00012995398430743602
0.00011829635299661091
0.00010768447929379018
9.802455263440399e-05
8.92311778093872e-05
8.122662005861299e-05
7.394011788390929e-05
6.730725750672654e-05
6.126940344062974e-05
5.57731801447358e-05
5.077000017588413e-05
4.621563466831479e-05
