72
0.0020808971439328474
0.002294518672456428
0.0025294954030734363
0.0027878589690541844
0.0030717480813861353
0.0033835236699789294
0.0037256876945176804
0.00410092116740331
0.004512087447775568
0.004962192783428952
0.005454457243166998
0.005992215318879527
0.0065789100918864215
0.007218096911362016
0.00791340305005331
0.008668414701622431
0.009486663090727387
0.010371500006601727
0.011325999579287128
0.012352802629102915
0.013453999777051777
0.014630848485926185
0.015883641431958383
0.017211346372201328
0.01861141598146671
0.020079346804297748
0.021642635693379115
0.023468117271716025
0.025527531043728197
0.027704095913932775
0.02978904047820285
0.03145452631634234
0.032258353635247525
0.0323879967580324
0.032494171688487575
0.032578428733183985
0.03264034890985101
0.032679553092103256
0.03269573460227594
0.032300166006049284
0.0308932472717547
0.028859690810261532
0.026589854852728172
0.024372597222729855
0.02238252312270855
0.020704770489437987
0.019210833166135262
0.017783181549971657
0.016426612977085742
0.015144073107394317
0.013936983344674699
0.012805454612250428
0.011748567918725843
0.010764576708759322
0.009851091161722392
0.009005236542432307
0.00822382535263543
0.007503445062089714
0.006840573474266378
0.006231646805273783
0.005673121685685357
0.0051615137688510275
0.004693462662371312
0.004265731842320974
0.0038752299262296208
0.0035190420545423
0.0031944209229284766
0.0028987660876758537
0.002629685710393991
0.002384918016275341
0.0021624133882307372
0.0019602157303251523
