220
2.0591199985006338e-05
2.2560155502210806e-05
2.4717384934075562e-05
2.7080891260673928e-05
2.9670398928869297e-05
3.250751846105749e-05
3.561592680399679e-05
3.9021564922811775e-05
4.275285428917548e-05
4.6840934070354144e-05
5.131992099855605e-05
5.6227194089302704e-05
6.160370658491601e-05
6.749432772642003e-05
7.394821720608652e-05
8.101923542558706e-05
8.876639298352715e-05
9.725434314352371e-05
0.00010655392139267736
0.00011669470826415822
0.00012662250451019974
0.00013739490750635882
0.00014908377212804447
0.0001617670663004598
0.000175529391065996
0.00019046254489633277
0.0002059321099788695
0.00022097848934669208
0.0002371242287516826
0.000254449652666711
0.0002730409544526582
0.00029115971260794486
0.0003103148581280483
0.00033073020409487495
0.0003518747652544446
0.00037384301680221945
0.0003971827906179163
0.0004222087867049192
0.00044888547459100576
0.00047753024121353736
0.0005084738986851357
0.00054137006963528
0.000576272351260223
0.0006127889458810037
0.0006508866217165495
0.0006890506316755614
0.0007275294485917171
0.0007651147734089518
0.0007987393604979498
0.0008287503728013675
0.0008552300416755352
0.0008788445074163487
0.0009001623276417137
0.0009198773273375738
0.0009390555728859694
0.0009589542175687319
0.0009808352156763297
0.0010061762764729501
0.0010364219815055488
0.0010706093741341585
0.00110808203777642
0.0011490042758055196
0.0011939450616538394
0.001243133414855919
0.001296962366605734
0.0013558927445480298
0.0014208231596861771
0.001492301013961267
0.001570983502558583
0.0016581406759767373
0.0017546301918075588
0.0018616746566220896
0.0019809619668210905
0.002116007301335789
0.002284211502047235
0.002496087050207704
0.002759349222410716
0.003086412244200302
0.0034906980025295764
0.003989482824997019
0.0046024011476985555
0.005348857956257208
0.0062424270863889785
0.007278432450095429
0.008410023611039857
0.009511278301777216
0.010335325567468698
0.010958328917120824
0.01159951902736218
0.01225602189621732
0.012924288512602695
0.013600030591337695
0.014278207123149096
0.014952916504653515
0.015617530602829293
0.016264587260486598
0.016885862695074926
0.017472556734011907
0.018015285084004046
0.01850446736760553
0.018930402209579155
0.019283552991038174
0.01955503638322949
0.01973682474209376
0.019822206740157635
0.019838140800260123
0.01985070472867081
0.019862070360695826
0.019872177388046707
0.019880965204644246
0.01988837329277815
0.019894341332562633
0.019898809264502916
0.01990171735466185
0.019903005870464743
0.019875555015531822
0.01975017696155584
0.0195285632990266
0.019217997653109723
0.018827080454440842
0.018365397936142752
0.01784306743137216
0.017270407592490707
0.016657505066534767
0.01601412971283809
0.015349313783703597
0.014671366336096722
0.013987766588826557
0.013305001971467492
0.012628701265328965
0.011963614990199274
0.0113136327250233
0.010681902948060276
0.010034700291413304
0.009073444934604965
0.007936576592512854
0.0068191664585032135
0.005823679394476568
0.004983096321026908
0.004293064290933551
0.003734264197380035
0.0032842579172787274
0.0029222096114680353
0.0026309694802644167
0.0023964437216266307
0.0022082599414484294
0.00205746032196497
0.0019303157475128966
0.0018164311990354295
0.0017139733187520737
0.0016214924425964508
0.0015377517760464283
0.0014621828540817114
0.0013932876338671892
0.0013309516859826842
0.001274050538807941
0.0012220469896538555
0.0011747949809176015
0.0011316218751080355
0.001092112233918168
0.0010559593508894082
0.001023260083739019
0.0009952266545600768
0.0009715040893891526
0.0009505361374994186
0.0009309174316979452
0.0009114533629032682
0.0008911337901022498
0.0008691311757000334
0.0008448101237950344
0.0008177414766218415
0.0007852844134955628
0.0007495355462886262
0.0007120238500479358
0.0006738876720086731
0.0006351721510926606
0.0005976860153996122
0.0005617594044828599
0.0005274448579835671
0.0004952339626277507
0.0004652553082475775
0.0004371244299747998
0.00041143895429775055
0.0003872627597670171
0.00036433731880836887
0.00034268467645834854
0.00032231885512976494
0.00030210535291396926
0.0002830169235370354
0.00026513459041944834
0.0002474931265018576
0.00023017664789991066
0.00021407176024357583
0.0001990936915273417
0.00018495644477333205
0.00017018333379406947
0.00015659020228658773
0.00014408280120911565
0.00013257440951682675
0.00012198523287471099
0.00011224185039730578
0.00010293681479562537
9.38923342925777e-05
8.564254155728035e-05
7.811761183331217e-05
7.125385547390109e-05
6.499317888428584e-05
5.9282592828003334e-05
5.407376393556323e-05
4.9322605619533465e-05
4.498890493361729e-05
4.103598221755307e-05
3.7430380647048e-05
3.414158306131259e-05
3.114175367126307e-05
2.840550246250876e-05
2.5909670298760055e-05
2.3633132907129447e-05
2.1556622086114204e-05
1.9662562622971038e-05
