104
0.000686022706171203
0.0007541068084283174
0.0008288687150495855
0.0009109308372986605
0.0010009702548610833
0.0010997232192384708
0.001207989995868878
0.0013266400670209034
0.0014566177185793257
0.0015988909281251166
0.0017545490519578178
0.0019246854491866403
0.002110521224085103
0.002313293736156408
0.0025343097670784275
0.0027748148782803955
0.0030362167009975825
0.003319777909177147
0.003626747844681746
0.003958268491956942
0.0043152772855758765
0.004698445552468866
0.0051081408917397824
0.005544135427323381
0.006005655522489997
0.006491000495351992
0.006997716214281259
0.007527390678680194
0.008080997589799832
0.008658300569236744
0.00925930624503695
0.009884515135825996
0.010534948246450855
0.011212586551586197
0.01192058556671067
0.012663708764555156
0.013448781457021948
0.01430028288338851
0.0152732430465368
0.016372706299030197
0.017594303482120037
0.018924184223773337
0.020334169950770063
0.02177564294002562
0.02317323013256077
0.02441960317344755
0.025375487438162234
0.02587869506492485
0.025952349661357784
0.025997527186410973
0.02603620673564659
0.026068189436985748
0.02609328159089879
0.026111295339085468
0.02612204934267037
0.026124259686073018
0.025799027855761048
0.02497709473098515
0.023799073149508604
0.02240833489839821
0.02092909157523033
0.019456122051703197
0.01805417284680587
0.016762419205625347
0.015600836059820815
0.014576391346093915
0.013687965142311981
0.012888614658565176
0.012133481808231168
0.011415286246377795
0.010728868938971093
0.010070712017877098
0.009438504051928524
0.008830889364452624
0.008247163073125495
0.007687125827887251
0.007150808090399078
0.006638046552743078
0.006146768088666823
0.005678766222885983
0.005235846511772897
0.0048188928179723626
0.004428297122130752
0.004063804555481052
0.003724888292045902
0.003410671037417186
0.0031201053748534857
0.002852001176839917
0.0026050741835912353
0.0023780524352097904
0.0021696305770355713
0.0019785264852382823
0.001803474247041653
0.001643281285741286
0.0014968260015616468
0.001363022854380367
0.0012408502927091088
0.0011293541489515106
0.0010276687878577704
0.0009349655657494305
0.0008504828567132434
0.0007735208846962802
0.0007034369297057664
0.000639615658743805
