223
1.928798266798745e-05
2.112639989762399e-05
2.31400442605695e-05
2.534561737806245e-05
2.7761412771789192e-05
3.04074675944854e-05
3.3305728822607375e-05
3.648023528951269e-05
3.9957317068974534e-05
4.376581386276172e-05
4.793731420364015e-05
5.25064174577996e-05
5.7511020799813056e-05
6.299263354036379e-05
6.899672141384532e-05
7.55730836814334e-05
8.277626617740813e-05
9.066601372462563e-05
9.930776567157542e-05
0.00010877319866112
0.00011860068499451349
0.00012853126011563463
0.00013929333399446354
0.00015095652900187371
0.00016359629707189926
0.00017729440781792826
0.00019213947751944022
0.00020681709876417062
0.0002216206966771899
0.00023748390964370254
0.00025448258301348015
0.00027245274136940647
0.00029007089183169066
0.00030882831960185424
0.0003287986960216778
0.00034949197705349156
0.0003712451269573094
0.000394352240791079
0.0004195059388493693
0.00044634869824481077
0.0004751011592778648
0.0005059285810899634
0.0005384956057430097
0.0005727116046611162
0.0006080103234512328
0.0006444596212359765
0.0006798524026836527
0.0007147471680978472
0.0007476463634943321
0.0007752209064037647
0.0008000583327303322
0.0008223061391801687
0.0008424334962713307
0.0008609231710523189
0.0008789205272712242
0.0008976002559033044
0.0009180934013784062
0.000941757561305769
0.0009697027595246179
0.0010016719832645208
0.0010366983112150888
0.0010749894566802298
0.0011168675166143853
0.0011626909696764553
0.001212859014238804
0.0012678164707759264
0.001328543414224036
0.0013952546485759094
0.0014685738484764834
0.0015500322922766471
0.001639830542256451
0.0017399989184674741
0.001851338966607815
0.001977313761134137
0.002133417309304455
0.0023299904499314537
0.0025748157822094004
0.0028784065708095693
0.003253999823384913
0.003717922462859561
0.004287507829896241
0.004981814264711412
0.005813534621685301
0.006779468954036918
0.007837771745321498
0.008873118488012588
0.009659715375557936
0.010243615765001598
0.01084593056909579
0.011464555613282013
0.012096640048164674
0.012738718946983774
0.013386646541679002
0.01403564052879511
0.014680109588851421
0.015313783399568997
0.015929766242390085
0.016520405465788028
0.017077584853150717
0.017592772550524372
0.01805720219631065
0.0184620080768257
0.018798625704592536
0.019059052896368733
0.019236026736988314
0.019323473543769686
0.01933502690731603
0.01933921146282271
0.01934301349270406
0.019346415755400848
0.01934940071550868
0.019351950845706335
0.019354049016436895
0.019355677738884962
0.01935681953565365
0.019357457413613263
0.019353897847814296
0.01928126317769402
0.019118846785009965
0.018872010542058244
0.018547460910090286
0.018152971407016362
0.017696959844599337
0.017188295658745387
0.016635844645440254
0.016048425156132824
0.015434431234973713
0.014801732887784896
0.014157589842080778
0.01350848101382204
0.012860194631907398
0.012217728878514118
0.01158534495535175
0.01096658027410974
0.010364335800571696
0.009780896831562575
0.00908588293283963
0.008095072665342973
0.0070204135656457
0.006010638394463254
0.005132924675539343
0.004401501147615703
0.0038049458125008775
0.003323319423613009
0.0029359272654981656
0.0026241268259192094
0.002373362123660324
0.0021714990643300325
0.0020098865274519005
0.0018793549851283714
0.0017653527964324699
0.0016628606095449479
0.0015707873522533401
0.0014874599545207764
0.0014121642967826165
0.0013437600164399742
0.0012818628157304094
0.001225398783132349
0.001173872901701685
0.0011270363314567183
0.0010843043986689912
0.0010452237443925945
0.0010094751537461197
0.000976808374047009
0.0009477753831311571
0.0009231749533685501
0.0009020812327732196
0.0008830874803480546
0.0008650304560447881
0.0008466438546996951
0.0008269726056554631
0.0008053657348080465
0.0007813212508326727
0.0007544378119905104
0.0007231232502444637
0.0006885100727867068
0.0006530123177578446
0.0006171776008104942
0.0005811245309323703
0.0005466832573766801
0.0005134390012649976
0.00048218043767686374
0.0004527720408970138
0.00042537485656695756
0.0004001221145587833
0.00037636852316819813
0.0003541849722482928
0.00033332761952681376
0.0003136310908038961
0.0002941706750457636
0.0002759177536738272
0.00025879740317612216
0.0002416756455804201
0.000225101554941563
0.00020966411371495816
0.0001952853706021341
0.00018154698100813702
0.00016722877092333418
0.00015403980649656757
0.00014189102661274836
0.0001307003942105606
0.00012039234231082721
0.00011089726373538579
0.00010180662708791803
9.288553381536525e-05
8.474617654029129e-05
7.732005343775799e-05
7.054466534871209e-05
6.436298977945207e-05
5.872300099338473e-05
5.3577232156014755e-05
4.8882375848310134e-05
4.4598919586167524e-05
4.069081327850456e-05
3.7125165825315164e-05
3.387196830213046e-05
3.090384140123483e-05
2.8195805004126913e-05
2.572506794573084e-05
2.3470836201184475e-05
2.141413788079624e-05
1.9537663560306843e-05
1.7825620602640027e-05
