219
2.10760041627856e-05
2.309348638771837e-05
2.5304090349413115e-05
2.772630245867883e-05
3.0380378721970905e-05
3.328851413440011e-05
3.647502828774042e-05
3.996656874560254e-05
4.3792333886519544e-05
4.798431707849368e-05
5.2577574226939986e-05
5.761051693342477e-05
6.312523371677026e-05
6.916784198277084e-05
7.578887368590536e-05
8.304369790818243e-05
9.099298388897916e-05
9.97032083780099e-05
0.00010924721155421812
0.0001194054813427413
0.00012961771554328104
0.00014070335795083032
0.00015273710739045434
0.000165800051354535
0.00017998021239784507
0.00019537314126342944
0.00021074834694631607
0.00022626156813680315
0.00024291672014284383
0.0002607978606834314
0.00027961324739172907
0.00029812982082439083
0.000317872600436071
0.0003389227881618324
0.00036033109259850463
0.0003828844352351134
0.0004068580823474637
0.00043245209807732024
0.0004596561436175733
0.0004891496486194897
0.0005207893160952405
0.0005544716551904628
0.0005903301172900121
0.0006276027377279806
0.0006666077051337673
0.000705941738465958
0.0007449036193287711
0.0007829867245721952
0.0008188414546366075
0.0008489039134419741
0.0008756639142477418
0.0008996230164679985
0.0009213799400007778
0.0009416674585477336
0.0009614406844559082
0.0009818551354102856
0.0010042635700161133
0.0010302381798377408
0.001061092178564303
0.0010962885403220772
0.0011347478624640244
0.0011767661460839174
0.001222676538470053
0.001272848997577396
0.0013280998856379862
0.0013886540627314067
0.0014549727167109023
0.0015283208828676185
0.001608904657823425
0.0016982838698757386
0.0017970893134658856
0.0019067751203939586
0.002029107736551654
0.0021675423997992473
0.002340365311634581
0.0025577315408187654
0.0028276020559212887
0.003163306575116445
0.0035780767729247332
0.004090515827988599
0.00471954803147978
0.005485515325845449
0.006402263542607961
0.007464582487989199
0.008623643573358888
0.009748366211363092
0.010586316762396164
0.011222550949647274
0.011876724981477824
0.01254568237953013
0.013225611780412724
0.013911894546154411
0.014599124417835091
0.01528104880430599
0.015950517309258404
0.016599650996342214
0.017219752528615392
0.017801548542941924
0.01833520848971523
0.018810761432412077
0.019218121704047776
0.019547664637504788
0.019790334181943346
0.019938297001369225
0.019987066475750846
0.020001178978136525
0.020014040692373572
0.02002558642167783
0.020035751031237878
0.02004446951106601
0.02005167704186694
0.02005730906388578
0.020061301348689185
0.020063590073825816
0.020061755518348365
0.019986481341687585
0.019809232493685297
0.019536779133177626
0.019177474591701327
0.01874092308234465
0.018237406881733045
0.01767763207957753
0.017072190144915508
0.016431397086450132
0.015764963027813324
0.015081778958286505
0.014389945943609851
0.013696562221944262
0.013007764847249944
0.01232877888213664
0.011663923782308407
0.011016679831180933
0.01037389953065036
0.009434051899904592
0.008280527239029578
0.007126114047984421
0.006087200067360354
0.005205192586350883
0.00447934608499341
0.003890832450198602
0.003416715026507949
0.003034944279440324
0.0027281428442487202
0.0024814850911128415
0.0022830749916890876
0.0021244385250408994
0.001992104443625093
0.00187385422922339
0.0017674883019279353
0.0016715244074647125
0.0015847159572144633
0.0015063463198192635
0.001434941643401179
0.001370349940472014
0.0013113137409512562
0.0012575781076877798
0.0012086363308418955
0.0011638459623032212
0.001122858014030509
0.0010853569605245913
0.0010510773628619467
0.0010217470217342927
0.000997137806605449
0.0009755147251793929
0.0009554648678706835
0.0009357483928967562
0.0009151953580918618
0.0008928807276970478
0.0008680680485265724
0.0008400460656582209
0.0008080357468242946
0.0007724575701627378
0.0007346080621334476
0.0006946820474796602
0.0006552719964507278
0.0006169552365269469
0.0005796653679901875
0.0005444285672837
0.0005111352637598224
0.00048016290119303227
0.00045120564624626206
0.00042444291540480114
0.0003995574713650564
0.00037603654116299853
0.0003535958394947476
0.0003324943297300402
0.00031205632679893135
0.00029220669168356875
0.00027361967482131635
0.00025602016723289965
0.00023797873753110972
0.00022120866543057406
0.00020562035990789903
0.00019113054331012963
0.00017630451896038404
0.00016216346695169885
0.0001491566419786591
0.00013719306983598967
0.00012618907318733745
0.00011606768629723483
0.00010671602012156724
9.733100513014775e-05
8.877134425414897e-05
8.096445269574052e-05
7.384412904184957e-05
6.734999388485962e-05
6.142697781321627e-05
5.6024854430082585e-05
5.109781444002573e-05
4.660407719231407e-05
4.2505536386425775e-05
3.87674369356573e-05
3.5358080248573414e-05
3.224855542912023e-05
2.941249411602821e-05
2.682584688256725e-05
2.4466679300570705e-05
2.231498593939862e-05
2.0352520722498907e-05
