182
6.380784897392451e-05
7.008054305785539e-05
7.696988057520874e-05
8.453648127228413e-05
9.28469241798595e-05
0.00010197433344658132
0.00011199902176328927
0.00012300919703980937
0.00013510173855231234
0.00014838304939061037
0.00016295164104305273
0.0001785829709711576
0.0001957137548093751
0.00021448782945698971
0.00023506282953888205
0.0002576115109687632
0.00028160310243412434
0.0003078087179926063
0.00033645299378196985
0.0003671723825388783
0.00040010902856011077
0.00043600020684661533
0.0004736572786555894
0.0005143257801599479
0.0005569043111199621
0.0006023087335736421
0.000649061911444747
0.0006984832664679522
0.0007499329197905283
0.0008033936439105832
0.0008592230491883849
0.0009173488010485118
0.000977808900505322
0.001040768773942206
0.0011065384354168042
0.0011755906184081138
0.0012485817320215373
0.001326581371406104
0.0014107674539907376
0.0015016190606562357
0.0015990007327857513
0.0017027918421563667
0.0018124999821192323
0.001927288805995575
0.0020456996760136337
0.0021655825034880413
0.0022840491229121343
0.002397463427865555
0.002501483607854416
0.002590954941480349
0.002670013473429947
0.0027404091983612667
0.0028045693664716393
0.0028648995009949076
0.0029244464826882117
0.002986862583858965
0.0030563658779230135
0.003137761379692858
0.003235531808430671
0.0033442392953449166
0.0034629812250781032
0.0035927811230600033
0.0037348030500881906
0.003890318312604395
0.004060767744853294
0.004247872645414931
0.0044535616274271675
0.00468007200939536
0.0049300670157735125
0.005206534585694282
0.005512961444961378
0.005853621584785449
0.006233249351397876
0.006671680342279215
0.007229005223502064
0.007933241264752639
0.008815038272587053
0.009914105174684018
0.011279937722703377
0.01297152445626808
0.01505330098856377
0.017584193032158957
0.020589350988563175
0.02400266276897649
0.027564495338306322
0.030678772585833354
0.03251831722387708
0.033709198976455135
0.033955236534018066
0.03403446586344043
0.03409283736121642
0.03413259847882418
0.03415606827377886
0.03416561849475665
0.033808290228118765
0.032485630418770346
0.030642780379241442
0.027586361499884717
0.024011611286014208
0.020538269751583498
0.017476835836886046
0.014916426333996336
0.012832075923671313
0.011156486497036934
0.009815982086757019
0.008744497853843425
0.007888118100060485
0.007204256114117437
0.006659886378783787
0.006226560064446882
0.0058485474343199775
0.005508956467708755
0.0052030537879225805
0.004926928428660076
0.004677082429142192
0.004450557645481158
0.004244925774013463
0.004057828300173565
0.003887394659889779
0.0037319631789889604
0.003590039469977451
0.0034603318535210183
0.003341809122169943
0.003233369022845225
0.0031360312358875474
0.003054948865048376
0.0029855638503758254
0.002923027874580816
0.0028632993272617777
0.0028028220274491423
0.0027385520391131216
0.0026680166042015833
0.002589349810031556
0.002499549232869427
0.0023961932628369046
0.0022828925106928148
0.002164609513927427
0.0020447878018241784
0.0019262211157005228
0.0018111897683422474
0.0017011519905743015
0.001597117077884983
0.001499541552105124
0.0014087186161495864
0.0013244531293577556
0.0012466486873362272
0.0011737422474562386
0.0011047321097593184
0.0010390115402322308
0.0009761284909396499
0.0009157681236729036
0.000857737710549186
0.000801952999475926
0.0007484253012383316
0.0006972486961156664
0.0006481431902170765
0.00060088257329285
0.0005562686633944347
0.0005133033038223578
0.0004731381653022915
0.00043507584972694407
0.00039987757746832314
0.00036655836192027875
0.0003360154213806147
0.00030758395481408316
0.0002811718476521759
0.00025702773722355966
0.00023492355942650913
0.00021423039938618942
0.0001953599891522288
0.0001781517724417794
0.00016245933551632699
0.0001481491614405932
0.00013482193924206683
0.00012269217972800452
0.00011165371935039086
0.00010160837530487848
9.24667981699435e-05
8.414767717863721e-05
7.657701699097901e-05
6.968747953419908e-05
6.341778505685436e-05
